~~~
0.0 125.0 104.0 297.0 1940.0
0.0 127.0 100.0 305.0 1940.0
0.0 56.0 168.0 327.0 2729.0
0.0 95.0 113.0 411.0 2254.0
0.0 214.0 48.0 190.0 1133.0
0.0 191.0 66.0 194.0 1337.0
0.0 52.0 144.0 490.0 2677.0
0.0 128.0 116.0 241.0 1918.0
0.0 123.0 88.0 390.0 2034.0
0.0 129.0 114.0 262.0 1966.0
0.0 205.0 45.0 258.0 1224.0
0.0 269.0 27.0 122.0 588.0
0.0 29.0 169.0 495.0 3015.0
0.0 158.0 106.0 168.0 1650.0
0.0 243.0 48.0 117.0 823.0
0.0 119.0 133.0 217.0 2088.0
0.0 32.0 179.0 409.0 2972.0
0.0 23.0 165.0 576.0 3082.0
0.0 203.0 65.0 168.0 1220.0
0.0 65.0 162.0 310.0 2633.0
0.0 47.0 161.0 452.0 2822.0
0.0 239.0 32.0 185.0 900.0
0.0 111.0 98.0 402.0 2143.0
0.0 2.0 179.0 608.0 3298.0
0.0 133.0 69.0 480.0 1965.0
0.0 228.0 50.0 182.0 964.0
0.0 48.0 164.0 419.0 2811.0
0.0 106.0 126.0 282.0 2139.0
0.0 131.0 71.0 481.0 1966.0
0.0 23.0 172.0 518.0 3049.0
0.0 188.0 74.0 175.0 1360.0
0.0 75.0 143.0 387.0 2509.0
0.0 96.0 132.0 300.0 2243.0
0.0 259.0 35.0 115.0 671.0
0.0 8.0 172.0 617.0 3232.0
0.0 124.0 105.0 297.0 1948.0
0.0 12.0 173.0 587.0 3184.0
0.0 175.0 100.0 150.0 1567.0
0.0 239.0 55.0 113.0 860.0
0.0 139.0 89.0 305.0 1825.0
0.0 113.0 104.0 362.0 2073.0
0.0 269.0 29.0 113.0 585.0
0.0 208.0 70.0 149.0 1135.0
0.0 114.0 85.0 476.0 2138.0
0.0 95.0 109.0 431.0 2268.0
0.0 110.0 142.0 211.0 2195.0
0.0 165.0 72.0 264.0 1600.0
0.0 46.0 154.0 487.0 2807.0
0.0 61.0 165.0 316.0 2682.0
0.0 179.0 69.0 219.0 1473.0
0.0 119.0 75.0 528.0 2114.0
0.0 25.0 179.0 446.0 3036.0
0.0 140.0 95.0 272.0 1795.0
0.0 48.0 172.0 352.0 2823.0
0.0 171.0 58.0 337.0 1540.0
0.0 177.0 96.0 151.0 1458.0
0.0 266.0 31.0 114.0 613.0
0.0 19.0 175.0 526.0 3103.0
0.0 218.0 48.0 176.0 1097.0
0.0 50.0 160.0 421.0 2759.0
0.0 165.0 101.0 166.0 1575.0
0.0 33.0 159.0 565.0 2967.0
0.0 164.0 72.0 270.0 1601.0
0.0 12.0 170.0 607.0 3181.0
0.0 144.0 72.0 390.0 1794.0
0.0 154.0 91.0 232.0 1657.0
0.0 277.0 24.0 110.0 516.0
0.0 74.0 147.0 372.0 2540.0
0.0 170.0 86.0 191.0 1518.0
0.0 26.0 158.0 600.0 3018.0
0.0 77.0 149.0 346.0 2522.0
0.0 61.0 159.0 384.0 2661.0
0.0 143.0 118.0 179.0 1800.0
0.0 237.0 33.0 189.0 917.0
0.0 231.0 57.0 122.0 923.0
0.0 78.0 156.0 281.0 2513.0
0.0 186.0 52.0 295.0 1414.0
0.0 248.0 29.0 166.0 813.0
0.0 97.0 87.0 589.0 2344.0
0.0 7.0 179.0 569.0 3239.0
0.0 275.0 27.0 104.0 539.0
0.0 6.0 179.0 574.0 3256.0
0.0 134.0 100.0 276.0 1856.0
0.0 62.0 136.0 502.0 2685.0
0.0 202.0 77.0 147.0 1197.0
0.0 171.0 96.0 167.0 1504.0
0.0 112.0 78.0 562.0 2186.0
0.0 13.0 179.0 528.0 3165.0
0.0 98.0 149.0 228.0 2304.0
0.0 167.0 79.0 263.0 1593.0
0.0 172.0 78.0 258.0 1508.0
0.0 19.0 179.0 479.0 3109.0
0.0 229.0 63.0 113.0 967.0
0.0 15.0 174.0 583.0 3135.0
0.0 114.0 139.0 210.0 2125.0
0.0 130.0 100.0 293.0 1889.0
0.0 79.0 157.0 269.0 2501.0
0.0 78.0 112.0 533.0 2474.0
0.0 130.0 79.0 411.0 1970.0
0.0 62.0 132.0 504.0 2585.0
0.0 138.0 70.0 450.0 1890.0
0.0 279.0 28.0 96.0 500.0
0.0 71.0 164.0 279.0 2589.0
0.0 36.0 163.0 492.0 2909.0
0.0 198.0 62.0 190.0 1263.0
0.0 246.0 43.0 138.0 815.0
0.0 206.0 72.0 140.0 1169.0
0.0 70.0 165.0 283.0 2593.0
0.0 149.0 78.0 316.0 1753.0
0.0 185.0 52.0 302.0 1422.0
0.0 250.0 48.0 103.0 753.0
0.0 73.0 163.0 276.0 2566.0
0.0 279.0 24.0 111.0 489.0
0.0 66.0 151.0 393.0 2602.0
0.0 265.0 31.0 123.0 620.0
0.0 53.0 154.0 437.0 2756.0
0.0 159.0 79.0 259.0 1654.0
0.0 229.0 37.0 196.0 989.0
0.0 66.0 113.0 626.0 2597.0
0.0 164.0 85.0 221.0 1572.0
0.0 188.0 74.0 204.0 1359.0
0.0 39.0 172.0 427.0 2914.0
0.0 71.0 138.0 401.0 2495.0
0.0 221.0 50.0 161.0 1048.0
0.0 247.0 47.0 121.0 789.0
0.0 25.0 166.0 570.0 3059.0
0.0 95.0 133.0 300.0 2255.0
0.0 246.0 50.0 110.0 794.0
0.0 63.0 156.0 385.0 2637.0
0.0 166.0 58.0 366.0 1612.0
0.0 108.0 140.0 221.0 2196.0
0.0 199.0 53.0 224.0 1271.0
0.0 144.0 81.0 318.0 1810.0
0.0 107.0 96.0 442.0 2164.0
0.0 131.0 72.0 477.0 1954.0
0.0 262.0 28.0 133.0 657.0
0.0 58.0 155.0 414.0 2695.0
0.0 267.0 35.0 115.0 603.0
0.0 19.0 164.0 604.0 3136.0
0.0 122.0 119.0 251.0 1972.0
0.0 223.0 50.0 183.0 1024.0
0.0 241.0 44.0 144.0 856.0
0.0 274.0 27.0 104.0 553.0
0.0 95.0 148.0 240.0 2324.0
0.0 238.0 53.0 117.0 872.0
0.0 13.0 170.0 600.0 3166.0
0.0 26.0 166.0 531.0 3028.0
0.0 197.0 74.0 161.0 1270.0
0.0 242.0 47.0 128.0 868.0
0.0 63.0 135.0 500.0 2667.0
0.0 145.0 70.0 399.0 1799.0
0.0 172.0 59.0 332.0 1526.0
0.0 27.0 171.0 491.0 3012.0
0.0 148.0 72.0 360.0 1782.0
0.0 67.0 162.0 306.0 2605.0
0.0 151.0 111.0 176.0 1731.0
0.0 32.0 147.0 626.0 2971.0
0.0 208.0 57.0 172.0 1185.0
0.0 241.0 50.0 117.0 843.0
0.0 224.0 64.0 124.0 980.0
0.0 40.0 166.0 449.0 2884.0
0.0 17.0 175.0 530.0 3123.0
0.0 126.0 117.0 240.0 1937.0
0.0 197.0 88.0 127.0 1260.0
0.0 186.0 80.0 173.0 1355.0
0.0 130.0 74.0 457.0 1966.0
0.0 264.0 40.0 105.0 637.0
0.0 234.0 33.0 207.0 953.0
0.0 43.0 145.0 552.0 2789.0
0.0 230.0 37.0 192.0 978.0
0.0 241.0 30.0 194.0 880.0
0.0 229.0 37.0 195.0 992.0
0.0 172.0 70.0 251.0 1528.0
0.0 115.0 137.0 212.0 2118.0
0.0 82.0 137.0 350.0 2370.0
0.0 226.0 55.0 136.0 987.0
0.0 252.0 35.0 141.0 765.0
0.0 249.0 32.0 178.0 783.0
0.0 133.0 112.0 260.0 1931.0
0.0 254.0 28.0 153.0 757.0
0.0 283.0 26.0 96.0 460.0
0.0 92.0 150.0 254.0 2373.0
0.0 128.0 115.0 258.0 2009.0
0.0 211.0 74.0 127.0 1112.0
0.0 163.0 76.0 260.0 1612.0
0.0 199.0 43.0 322.0 1315.0
0.0 41.0 165.0 449.0 2869.0
0.0 144.0 69.0 404.0 1811.0
0.0 262.0 37.0 101.0 653.0
0.0 16.0 175.0 541.0 3129.0
0.0 211.0 51.0 185.0 1172.0
0.0 70.0 148.0 383.0 2563.0
0.0 211.0 60.0 162.0 1146.0
0.0 88.0 155.0 244.0 2405.0
0.0 68.0 143.0 388.0 2537.0
0.0 90.0 129.0 350.0 2284.0
0.0 13.0 167.0 621.0 3192.0
0.0 66.0 133.0 470.0 2538.0
0.0 207.0 44.0 263.0 1199.0
0.0 144.0 66.0 444.0 1818.0
0.0 212.0 80.0 113.0 1184.0
0.0 226.0 40.0 188.0 1012.0
0.0 137.0 123.0 182.0 1890.0
0.0 11.0 171.0 612.0 3203.0
0.0 34.0 159.0 560.0 2970.0
0.0 108.0 80.0 572.0 2225.0
0.0 35.0 166.0 478.0 2922.0
0.0 119.0 75.0 535.0 2093.0
0.0 24.0 163.0 575.0 3081.0
0.0 127.0 118.0 234.0 1923.0
0.0 55.0 137.0 547.0 2714.0
0.0 171.0 59.0 320.0 1561.0
0.0 54.0 171.0 329.0 2763.0
0.0 135.0 124.0 190.0 1901.0
0.0 150.0 64.0 418.0 1774.0
0.0 234.0 36.0 180.0 938.0
0.0 100.0 148.0 228.0 2284.0
0.0 249.0 48.0 107.0 755.0
0.0 183.0 59.0 254.0 1435.0
0.0 270.0 29.0 113.0 574.0
0.0 150.0 62.0 439.0 1779.0
0.0 33.0 172.0 460.0 2983.0
0.0 253.0 40.0 115.0 719.0
0.0 197.0 45.0 306.0 1313.0
0.0 174.0 92.0 174.0 1471.0
0.0 16.0 167.0 612.0 3163.0
0.0 251.0 41.0 118.0 733.0
0.0 175.0 80.0 199.0 1481.0
0.0 229.0 50.0 144.0 951.0
0.0 149.0 93.0 243.0 1718.0
0.0 139.0 98.0 267.0 1812.0
0.0 59.0 135.0 507.0 2605.0
0.0 29.0 170.0 484.0 2994.0
0.0 37.0 172.0 428.0 2934.0
0.0 127.0 131.0 192.0 2004.0
0.0 172.0 55.0 361.0 1565.0
0.0 235.0 54.0 119.0 896.0
0.0 238.0 51.0 119.0 869.0
0.0 264.0 35.0 108.0 626.0
0.0 128.0 117.0 232.0 1912.0
0.0 153.0 77.0 300.0 1715.0
0.0 116.0 137.0 202.0 2129.0
0.0 173.0 64.0 274.0 1514.0
0.0 112.0 139.0 220.0 2152.0
0.0 67.0 129.0 509.0 2595.0
0.0 198.0 45.0 302.0 1299.0
0.0 252.0 35.0 147.0 753.0
0.0 86.0 155.0 252.0 2424.0
0.0 146.0 103.0 215.0 1747.0
0.0 136.0 69.0 467.0 1909.0
0.0 169.0 62.0 306.0 1560.0
0.0 161.0 101.0 182.0 1589.0
0.0 243.0 55.0 103.0 826.0
0.0 90.0 120.0 399.0 2298.0
0.0 135.0 109.0 235.0 1844.0
0.0 141.0 94.0 277.0 1783.0
0.0 252.0 28.0 161.0 777.0
0.0 280.0 26.0 96.0 499.0
0.0 36.0 150.0 591.0 2946.0
0.0 136.0 124.0 191.0 1900.0
0.0 168.0 105.0 151.0 1567.0
0.0 13.0 178.0 532.0 3160.0
0.0 162.0 71.0 283.0 1630.0
0.0 213.0 54.0 174.0 1119.0
0.0 164.0 60.0 360.0 1615.0
0.0 61.0 153.0 399.0 2669.0
0.0 268.0 33.0 102.0 632.0
0.0 102.0 146.0 224.0 2266.0
0.0 244.0 49.0 111.0 818.0
0.0 55.0 141.0 490.0 2640.0
0.0 11.0 174.0 592.0 3214.0
0.0 241.0 46.0 135.0 856.0
0.0 55.0 159.0 414.0 2722.0
0.0 177.0 67.0 243.0 1478.0
0.0 203.0 71.0 175.0 1215.0
0.0 252.0 29.0 151.0 776.0
0.0 170.0 54.0 397.0 1599.0
0.0 112.0 89.0 457.0 2160.0
0.0 225.0 67.0 111.0 1010.0
0.0 279.0 24.0 101.0 508.0
0.0 203.0 77.0 138.0 1221.0
0.0 125.0 116.0 246.0 1945.0
0.0 68.0 138.0 424.0 2517.0
0.0 262.0 31.0 118.0 652.0
0.0 265.0 30.0 137.0 623.0
0.0 215.0 60.0 170.0 1085.0
0.0 240.0 43.0 150.0 868.0
0.0 105.0 124.0 297.0 2137.0
0.0 157.0 106.0 173.0 1652.0
0.0 28.0 170.0 504.0 3003.0
0.0 17.0 167.0 605.0 3145.0
0.0 75.0 141.0 386.0 2529.0
0.0 92.0 132.0 323.0 2279.0
0.0 64.0 116.0 618.0 2628.0
0.0 59.0 167.0 316.0 2719.0
0.0 118.0 137.0 197.0 2109.0
0.0 29.0 164.0 569.0 3012.0
0.0 15.0 176.0 542.0 3137.0
0.0 171.0 103.0 149.0 1536.0
0.0 128.0 118.0 229.0 1922.0
0.0 64.0 115.0 626.0 2617.0
0.0 141.0 97.0 263.0 1790.0
0.0 74.0 150.0 359.0 2571.0
0.0 20.0 174.0 520.0 3075.0
0.0 222.0 49.0 164.0 1039.0
0.0 63.0 161.0 374.0 2663.0
0.0 181.0 54.0 312.0 1467.0
0.0 121.0 73.0 536.0 2085.0
0.0 183.0 53.0 307.0 1443.0
0.0 89.0 121.0 442.0 2409.0
0.0 253.0 34.0 141.0 757.0
0.0 61.0 126.0 584.0 2666.0
0.0 123.0 102.0 322.0 1962.0
0.0 257.0 41.0 103.0 688.0
0.0 217.0 76.0 109.0 1127.0
0.0 47.0 142.0 555.0 2804.0
0.0 253.0 36.0 131.0 764.0
0.0 38.0 171.0 428.0 2921.0
0.0 170.0 78.0 223.0 1525.0
0.0 16.0 170.0 598.0 3135.0
0.0 274.0 29.0 99.0 561.0
0.0 98.0 130.0 302.0 2208.0
0.0 279.0 24.0 108.0 499.0
0.0 34.0 162.0 507.0 2930.0
0.0 64.0 150.0 404.0 2635.0
0.0 182.0 101.0 131.0 1457.0
0.0 115.0 133.0 231.0 2108.0
0.0 158.0 111.0 159.0 1679.0
0.0 24.0 173.0 501.0 3063.0
0.0 228.0 61.0 120.0 950.0
0.0 32.0 158.0 567.0 2988.0
0.0 26.0 179.0 439.0 3028.0
0.0 258.0 39.0 108.0 697.0
0.0 83.0 148.0 333.0 2450.0
0.0 22.0 171.0 567.0 3063.0
0.0 174.0 56.0 334.0 1524.0
0.0 226.0 50.0 148.0 1000.0
0.0 189.0 88.0 145.0 1353.0
0.0 220.0 68.0 126.0 1025.0
0.0 261.0 41.0 100.0 672.0
0.0 47.0 142.0 556.0 2788.0
0.0 111.0 82.0 523.0 2178.0
0.0 73.0 106.0 626.0 2555.0
0.0 205.0 82.0 123.0 1179.0
0.0 100.0 148.0 226.0 2289.0
0.0 162.0 60.0 379.0 1655.0
0.0 133.0 126.0 188.0 1922.0
0.0 225.0 65.0 117.0 1015.0
0.0 263.0 39.0 100.0 651.0
0.0 67.0 138.0 429.0 2539.0
0.0 115.0 138.0 206.0 2126.0
0.0 72.0 107.0 626.0 2562.0
0.0 127.0 70.0 515.0 2031.0
0.0 275.0 32.0 102.0 528.0
0.0 241.0 57.0 101.0 856.0
0.0 207.0 62.0 183.0 1170.0
0.0 202.0 85.0 121.0 1215.0
0.0 274.0 25.0 109.0 544.0
0.0 244.0 54.0 105.0 811.0
0.0 204.0 53.0 211.0 1227.0
0.0 154.0 108.0 175.0 1688.0
0.0 277.0 27.0 97.0 535.0
0.0 71.0 150.0 371.0 2576.0
0.0 240.0 54.0 109.0 860.0
0.0 217.0 42.0 221.0 1105.0
0.0 231.0 36.0 192.0 966.0
0.0 150.0 68.0 385.0 1749.0
0.0 145.0 98.0 239.0 1746.0
0.0 48.0 156.0 455.0 2821.0
0.0 10.0 174.0 596.0 3224.0
0.0 201.0 69.0 173.0 1272.0
0.0 37.0 153.0 578.0 2928.0
0.0 248.0 38.0 143.0 812.0
0.0 36.0 170.0 452.0 2924.0
0.0 210.0 65.0 170.0 1124.0
0.0 67.0 147.0 398.0 2595.0
0.0 216.0 42.0 220.0 1116.0
0.0 24.0 171.0 518.0 3035.0
0.0 66.0 164.0 300.0 2631.0
0.0 200.0 70.0 192.0 1240.0
0.0 177.0 90.0 171.0 1441.0
0.0 115.0 139.0 201.0 2156.0
0.0 35.0 157.0 565.0 2961.0
0.0 236.0 56.0 115.0 897.0
0.0 134.0 71.0 473.0 1928.0
0.0 184.0 53.0 301.0 1426.0
0.0 34.0 154.0 572.0 2990.0
0.0 57.0 155.0 418.0 2705.0
0.0 58.0 160.0 395.0 2687.0
0.0 38.0 147.0 597.0 2931.0
0.0 164.0 102.0 166.0 1585.0
0.0 42.0 151.0 553.0 2914.0
0.0 257.0 33.0 122.0 703.0
0.0 99.0 147.0 232.0 2300.0
0.0 78.0 134.0 385.0 2411.0
0.0 48.0 142.0 534.0 2729.0
0.0 111.0 108.0 349.0 2078.0
0.0 185.0 68.0 254.0 1390.0
0.0 35.0 175.0 405.0 2932.0
0.0 139.0 113.0 210.0 1822.0
0.0 158.0 78.0 267.0 1655.0
0.0 146.0 66.0 428.0 1797.0
0.0 207.0 62.0 163.0 1188.0
0.0 189.0 71.0 183.0 1350.0
0.0 151.0 113.0 183.0 1727.0
0.0 268.0 32.0 106.0 591.0
0.0 75.0 153.0 352.0 2531.0
0.0 141.0 66.0 455.0 1878.0
0.0 89.0 112.0 452.0 2316.0
0.0 199.0 81.0 135.0 1244.0
0.0 65.0 148.0 416.0 2598.0
0.0 56.0 155.0 421.0 2717.0
0.0 157.0 87.0 236.0 1642.0
0.0 155.0 91.0 229.0 1644.0
0.0 83.0 134.0 361.0 2356.0
0.0 54.0 140.0 507.0 2657.0
0.0 60.0 134.0 534.0 2703.0
0.0 135.0 69.0 464.0 1939.0
0.0 58.0 133.0 556.0 2731.0
0.0 133.0 112.0 259.0 1965.0
0.0 34.0 169.0 467.0 2930.0
0.0 250.0 39.0 133.0 785.0
0.0 96.0 125.0 341.0 2228.0
0.0 259.0 32.0 165.0 674.0
0.0 14.0 175.0 571.0 3177.0
0.0 254.0 38.0 119.0 715.0
0.0 238.0 46.0 132.0 874.0
0.0 165.0 98.0 180.0 1547.0
0.0 243.0 31.0 177.0 858.0
0.0 205.0 59.0 182.0 1190.0
0.0 81.0 156.0 264.0 2481.0
0.0 83.0 113.0 487.0 2386.0
0.0 151.0 64.0 410.0 1760.0
0.0 30.0 159.0 586.0 2999.0
0.0 167.0 105.0 159.0 1620.0
0.0 79.0 158.0 270.0 2494.0
0.0 181.0 87.0 167.0 1407.0
0.0 54.0 160.0 401.0 2772.0
0.0 92.0 126.0 385.0 2330.0
0.0 34.0 167.0 478.0 2936.0
0.0 160.0 114.0 155.0 1684.0
0.0 260.0 29.0 149.0 684.0
0.0 221.0 71.0 114.0 1068.0
0.0 57.0 157.0 405.0 2730.0
0.0 230.0 54.0 141.0 986.0
0.0 155.0 107.0 176.0 1680.0
0.0 65.0 153.0 394.0 2608.0
0.0 185.0 61.0 236.0 1403.0
0.0 90.0 91.0 608.0 2419.0
0.0 154.0 118.0 161.0 1748.0
0.0 177.0 54.0 335.0 1501.0
0.0 209.0 55.0 223.0 1160.0
0.0 121.0 74.0 528.0 2080.0
0.0 205.0 63.0 168.0 1203.0
0.0 205.0 74.0 144.0 1190.0
0.0 159.0 103.0 188.0 1626.0
0.0 140.0 68.0 446.0 1865.0
0.0 271.0 32.0 112.0 564.0
0.0 270.0 25.0 123.0 572.0
0.0 182.0 82.0 178.0 1391.0
0.0 267.0 28.0 121.0 617.0
0.0 37.0 168.0 450.0 2900.0
0.0 278.0 24.0 103.0 513.0
0.0 245.0 38.0 150.0 827.0
0.0 191.0 93.0 127.0 1360.0
0.0 77.0 142.0 349.0 2446.0
0.0 21.0 166.0 592.0 3088.0
0.0 244.0 36.0 179.0 849.0
0.0 192.0 77.0 160.0 1315.0
0.0 20.0 167.0 584.0 3094.0
0.0 157.0 108.0 168.0 1672.0
0.0 201.0 71.0 175.0 1239.0
0.0 249.0 38.0 137.0 779.0
0.0 78.0 121.0 470.0 2424.0
0.0 2.0 178.0 617.0 3294.0
0.0 277.0 25.0 102.0 536.0
0.0 169.0 63.0 300.0 1562.0
0.0 73.0 148.0 369.0 2566.0
0.0 208.0 74.0 134.0 1166.0
0.0 132.0 96.0 303.0 1890.0
0.0 94.0 151.0 235.0 2340.0
0.0 113.0 79.0 536.0 2172.0
0.0 213.0 58.0 164.0 1110.0
0.0 19.0 172.0 543.0 3078.0
0.0 153.0 109.0 174.0 1696.0
0.0 232.0 43.0 185.0 956.0
0.0 29.0 172.0 479.0 3018.0
0.0 61.0 164.0 321.0 2677.0
0.0 5.0 179.0 583.0 3263.0
0.0 114.0 79.0 546.0 2151.0
0.0 160.0 86.0 235.0 1604.0
0.0 163.0 104.0 162.0 1594.0
0.0 252.0 41.0 115.0 727.0
0.0 278.0 26.0 116.0 498.0
0.0 53.0 163.0 393.0 2751.0
0.0 102.0 113.0 372.0 2187.0
0.0 166.0 60.0 338.0 1614.0
0.0 223.0 63.0 133.0 1003.0
0.0 104.0 96.0 464.0 2204.0
0.0 195.0 59.0 205.0 1307.0
0.0 100.0 129.0 301.0 2185.0
0.0 78.0 157.0 275.0 2504.0
0.0 123.0 136.0 194.0 2053.0
0.0 223.0 40.0 200.0 1043.0
0.0 276.0 26.0 107.0 529.0
0.0 256.0 41.0 107.0 693.0
0.0 247.0 51.0 103.0 779.0
0.0 250.0 47.0 108.0 775.0
0.0 40.0 174.0 382.0 2892.0
0.0 273.0 31.0 97.0 564.0
0.0 157.0 63.0 374.0 1689.0
0.0 261.0 30.0 135.0 673.0
0.0 76.0 136.0 388.0 2436.0
0.0 178.0 72.0 215.0 1475.0
0.0 118.0 134.0 217.0 2103.0
0.0 55.0 157.0 426.0 2702.0
0.0 264.0 26.0 133.0 645.0
0.0 17.0 176.0 516.0 3137.0
0.0 73.0 136.0 404.0 2467.0
0.0 241.0 57.0 103.0 853.0
0.0 189.0 66.0 203.0 1346.0
0.0 235.0 32.0 212.0 942.0
0.0 60.0 145.0 429.0 2598.0
0.0 56.0 136.0 545.0 2716.0
0.0 35.0 172.0 435.0 2957.0
0.0 19.0 163.0 607.0 3122.0
0.0 68.0 124.0 518.0 2533.0
0.0 39.0 174.0 387.0 2899.0
0.0 87.0 125.0 409.0 2385.0
0.0 206.0 65.0 157.0 1194.0
0.0 61.0 156.0 393.0 2667.0
0.0 65.0 163.0 305.0 2641.0
0.0 205.0 42.0 285.0 1242.0
0.0 192.0 68.0 181.0 1338.0
0.0 248.0 42.0 126.0 789.0
0.0 152.0 99.0 231.0 1751.0
0.0 179.0 61.0 262.0 1462.0
0.0 179.0 95.0 155.0 1439.0
0.0 22.0 164.0 590.0 3091.0
0.0 248.0 34.0 163.0 817.0
0.0 240.0 43.0 156.0 856.0
0.0 207.0 51.0 200.0 1207.0
0.0 202.0 86.0 119.0 1222.0
0.0 189.0 67.0 197.0 1347.0
0.0 23.0 160.0 608.0 3079.0
0.0 18.0 165.0 611.0 3113.0
0.0 238.0 52.0 117.0 883.0
0.0 91.0 112.0 440.0 2304.0
0.0 175.0 95.0 165.0 1467.0
0.0 33.0 177.0 407.0 2951.0
0.0 107.0 94.0 460.0 2175.0
0.0 91.0 118.0 406.0 2285.0
0.0 223.0 39.0 206.0 1049.0
0.0 71.0 132.0 484.0 2558.0
0.0 277.0 25.0 105.0 518.0
0.0 73.0 149.0 374.0 2544.0
0.0 117.0 105.0 334.0 2020.0
0.0 1.0 179.0 617.0 3309.0
0.0 237.0 42.0 145.0 895.0
0.0 167.0 82.0 219.0 1550.0
0.0 45.0 134.0 626.0 2816.0
0.0 162.0 75.0 266.0 1616.0
0.0 168.0 81.0 216.0 1548.0
0.0 215.0 46.0 197.0 1121.0
0.0 139.0 79.0 361.0 1879.0
0.0 27.0 174.0 484.0 3024.0
0.0 132.0 72.0 460.0 1955.0
0.0 270.0 29.0 107.0 589.0
0.0 155.0 64.0 371.0 1729.0
0.0 40.0 167.0 442.0 2897.0
0.0 242.0 29.0 196.0 877.0
0.0 52.0 140.0 519.0 2685.0
0.0 140.0 70.0 431.0 1872.0
0.0 244.0 41.0 130.0 826.0
0.0 65.0 128.0 512.0 2561.0
0.0 222.0 44.0 183.0 1042.0
0.0 207.0 53.0 260.0 1188.0
0.0 180.0 89.0 171.0 1410.0
0.0 46.0 154.0 485.0 2814.0
0.0 50.0 163.0 411.0 2774.0
0.0 112.0 138.0 226.0 2161.0
0.0 175.0 97.0 152.0 1475.0
0.0 219.0 59.0 146.0 1039.0
0.0 236.0 45.0 139.0 902.0
0.0 152.0 101.0 205.0 1693.0
0.0 267.0 37.0 98.0 618.0
0.0 82.0 147.0 347.0 2447.0
0.0 132.0 91.0 413.0 1919.0
0.0 128.0 129.0 192.0 1975.0
0.0 215.0 71.0 125.0 1108.0
0.0 281.0 24.0 105.0 477.0
0.0 147.0 84.0 296.0 1755.0
0.0 97.0 121.0 354.0 2211.0
0.0 32.0 177.0 412.0 2962.0
0.0 218.0 68.0 123.0 1054.0
0.0 143.0 89.0 287.0 1774.0
0.0 12.0 177.0 554.0 3170.0
0.0 98.0 106.0 437.0 2244.0
0.0 64.0 168.0 299.0 2649.0
0.0 83.0 125.0 414.0 2362.0
0.0 92.0 126.0 378.0 2335.0
0.0 180.0 63.0 250.0 1441.0
0.0 28.0 164.0 572.0 2997.0
0.0 178.0 86.0 182.0 1442.0
0.0 250.0 29.0 159.0 788.0
0.0 216.0 48.0 186.0 1099.0
0.0 152.0 104.0 191.0 1696.0
0.0 135.0 87.0 336.0 1898.0
0.0 230.0 55.0 138.0 967.0
0.0 82.0 158.0 260.0 2461.0
0.0 235.0 57.0 115.0 908.0
0.0 187.0 65.0 214.0 1378.0
0.0 68.0 152.0 376.0 2615.0
0.0 28.0 177.0 434.0 3009.0
0.0 232.0 45.0 171.0 957.0
0.0 28.0 161.0 573.0 3030.0
0.0 197.0 46.0 307.0 1312.0
0.0 263.0 32.0 117.0 629.0
0.0 3.0 179.0 601.0 3279.0
0.0 281.0 24.0 104.0 482.0
0.0 26.0 173.0 497.0 3023.0
0.0 259.0 36.0 118.0 667.0
0.0 211.0 46.0 214.0 1162.0
0.0 256.0 39.0 112.0 700.0
0.0 275.0 25.0 104.0 548.0
0.0 47.0 144.0 525.0 2745.0
0.0 200.0 76.0 148.0 1254.0
0.0 121.0 89.0 397.0 2043.0
0.0 244.0 49.0 115.0 802.0
0.0 94.0 103.0 482.0 2298.0
0.0 111.0 129.0 251.0 2092.0
0.0 179.0 74.0 201.0 1454.0
0.0 50.0 157.0 448.0 2776.0
0.0 273.0 26.0 117.0 547.0
0.0 213.0 73.0 125.0 1095.0
0.0 38.0 170.0 437.0 2901.0
0.0 181.0 75.0 202.0 1424.0
0.0 14.0 176.0 547.0 3143.0
0.0 111.0 139.0 218.0 2157.0
0.0 63.0 131.0 505.0 2579.0
0.0 67.0 112.0 626.0 2590.0
0.0 281.0 28.0 96.0 481.0
0.0 132.0 92.0 392.0 1915.0
0.0 196.0 45.0 312.0 1326.0
0.0 265.0 39.0 100.0 628.0
0.0 157.0 60.0 426.0 1714.0
0.0 60.0 165.0 317.0 2700.0
0.0 128.0 74.0 468.0 2002.0
0.0 17.0 167.0 597.0 3161.0
0.0 208.0 80.0 119.0 1156.0
0.0 37.0 172.0 433.0 2910.0
0.0 6.0 179.0 576.0 3251.0
0.0 271.0 35.0 97.0 563.0
0.0 150.0 79.0 308.0 1731.0
0.0 242.0 51.0 115.0 822.0
0.0 56.0 158.0 406.0 2743.0
0.0 192.0 81.0 153.0 1324.0
0.0 196.0 87.0 129.0 1285.0
0.0 136.0 72.0 429.0 1921.0
0.0 183.0 58.0 268.0 1414.0
0.0 224.0 42.0 184.0 1034.0
0.0 29.0 165.0 555.0 3038.0
0.0 24.0 164.0 572.0 3069.0
0.0 42.0 166.0 438.0 2877.0
0.0 229.0 59.0 124.0 937.0
0.0 190.0 56.0 248.0 1359.0
0.0 261.0 39.0 101.0 657.0
0.0 92.0 117.0 400.0 2285.0
0.0 151.0 119.0 157.0 1788.0
0.0 278.0 30.0 98.0 508.0
0.0 171.0 79.0 250.0 1512.0
0.0 15.0 177.0 539.0 3131.0
0.0 21.0 174.0 515.0 3074.0
0.0 16.0 172.0 571.0 3136.0
0.0 6.0 179.0 579.0 3239.0
0.0 179.0 54.0 321.0 1486.0
0.0 36.0 174.0 431.0 2952.0
0.0 52.0 153.0 459.0 2748.0
0.0 123.0 132.0 205.0 2027.0
0.0 251.0 46.0 108.0 767.0
0.0 200.0 46.0 292.0 1272.0
0.0 117.0 77.0 530.0 2124.0
0.0 99.0 129.0 306.0 2191.0
0.0 114.0 77.0 555.0 2151.0
0.0 191.0 64.0 204.0 1324.0
0.0 218.0 74.0 114.0 1111.0
0.0 157.0 98.0 200.0 1644.0
0.0 220.0 66.0 123.0 1036.0
0.0 149.0 114.0 172.0 1754.0
0.0 40.0 171.0 438.0 2888.0
0.0 226.0 64.0 118.0 972.0
0.0 137.0 70.0 445.0 1902.0
0.0 163.0 94.0 196.0 1581.0
0.0 31.0 158.0 586.0 2984.0
0.0 69.0 126.0 496.0 2512.0
0.0 245.0 37.0 163.0 829.0
0.0 164.0 61.0 344.0 1626.0
0.0 279.0 30.0 96.0 499.0
0.0 114.0 102.0 429.0 2088.0
0.0 245.0 37.0 164.0 827.0
0.0 275.0 25.0 109.0 537.0
0.0 124.0 88.0 387.0 2017.0
0.0 191.0 55.0 246.0 1352.0
0.0 162.0 72.0 283.0 1620.0
0.0 193.0 84.0 151.0 1284.0
0.0 266.0 34.0 109.0 619.0
0.0 12.0 175.0 582.0 3181.0
0.0 215.0 44.0 211.0 1120.0
0.0 142.0 106.0 243.0 1836.0
0.0 253.0 38.0 117.0 746.0
0.0 223.0 51.0 155.0 1037.0
0.0 247.0 38.0 148.0 812.0
0.0 23.0 165.0 579.0 3077.0
0.0 197.0 70.0 171.0 1270.0
0.0 202.0 51.0 224.0 1249.0
0.0 41.0 158.0 549.0 2856.0
0.0 228.0 47.0 153.0 975.0
0.0 6.0 174.0 617.0 3247.0
0.0 53.0 133.0 585.0 2763.0
0.0 228.0 58.0 133.0 1012.0
0.0 38.0 167.0 450.0 2886.0
0.0 233.0 60.0 111.0 926.0
0.0 183.0 71.0 207.0 1403.0
0.0 143.0 103.0 249.0 1820.0
0.0 29.0 167.0 505.0 3000.0
0.0 116.0 108.0 326.0 2036.0
0.0 114.0 125.0 258.0 2044.0
0.0 71.0 153.0 363.0 2603.0
0.0 75.0 143.0 382.0 2541.0
0.0 129.0 98.0 312.0 1907.0
0.0 208.0 50.0 207.0 1174.0
0.0 148.0 93.0 246.0 1726.0
0.0 268.0 28.0 113.0 596.0
0.0 29.0 161.0 570.0 3018.0
0.0 231.0 37.0 186.0 960.0
0.0 241.0 40.0 165.0 876.0
0.0 16.0 171.0 586.0 3141.0
0.0 258.0 27.0 152.0 694.0
0.0 56.0 136.0 547.0 2706.0
0.0 79.0 150.0 331.0 2497.0
0.0 36.0 168.0 462.0 2926.0
0.0 80.0 157.0 265.0 2495.0
0.0 151.0 109.0 186.0 1705.0
0.0 65.0 128.0 510.0 2564.0
0.0 199.0 44.0 308.0 1295.0
0.0 223.0 65.0 131.0 1036.0
0.0 156.0 61.0 402.0 1712.0
0.0 49.0 140.0 545.0 2715.0
0.0 100.0 147.0 234.0 2284.0
0.0 173.0 77.0 216.0 1509.0
0.0 22.0 171.0 543.0 3076.0
0.0 100.0 85.0 586.0 2304.0
0.0 253.0 28.0 158.0 753.0
0.0 251.0 43.0 109.0 765.0
0.0 181.0 55.0 298.0 1450.0
0.0 275.0 28.0 99.0 559.0
0.0 142.0 117.0 184.0 1818.0
0.0 235.0 47.0 153.0 902.0
0.0 187.0 57.0 254.0 1389.0
0.0 44.0 135.0 626.0 2824.0
0.0 135.0 115.0 212.0 1856.0
0.0 158.0 90.0 224.0 1629.0
0.0 117.0 104.0 345.0 2017.0
0.0 79.0 128.0 412.0 2416.0
0.0 144.0 70.0 398.0 1817.0
0.0 190.0 73.0 183.0 1306.0
0.0 62.0 117.0 626.0 2632.0
0.0 49.0 164.0 421.0 2796.0
0.0 267.0 29.0 113.0 605.0
0.0 63.0 166.0 304.0 2673.0
0.0 228.0 41.0 178.0 984.0
0.0 220.0 56.0 176.0 1055.0
0.0 244.0 51.0 109.0 812.0
0.0 125.0 119.0 236.0 1952.0
0.0 85.0 137.0 331.0 2356.0
0.0 124.0 74.0 506.0 2037.0
0.0 118.0 90.0 409.0 2090.0
0.0 8.0 179.0 563.0 3224.0
0.0 220.0 50.0 164.0 1057.0
0.0 54.0 162.0 405.0 2740.0
0.0 174.0 95.0 167.0 1479.0
0.0 84.0 147.0 333.0 2437.0
0.0 42.0 153.0 515.0 2842.0
0.0 170.0 57.0 352.0 1567.0
0.0 42.0 167.0 434.0 2879.0
0.0 143.0 93.0 269.0 1765.0
0.0 247.0 41.0 123.0 795.0
0.0 62.0 168.0 305.0 2676.0
0.0 103.0 145.0 223.0 2249.0
0.0 266.0 35.0 100.0 612.0
0.0 240.0 51.0 117.0 852.0
0.0 22.0 179.0 461.0 3079.0
0.0 35.0 170.0 460.0 2917.0
0.0 269.0 31.0 109.0 585.0
0.0 265.0 30.0 118.0 625.0
0.0 127.0 102.0 297.0 1923.0
0.0 69.0 128.0 485.0 2508.0
0.0 271.0 32.0 109.0 567.0
0.0 42.0 164.0 460.0 2843.0
0.0 148.0 108.0 197.0 1727.0
0.0 133.0 83.0 364.0 1940.0
0.0 253.0 29.0 148.0 766.0
0.0 134.0 69.0 484.0 1933.0
0.0 254.0 28.0 155.0 743.0
0.0 215.0 41.0 235.0 1130.0
0.0 274.0 27.0 109.0 538.0
0.0 145.0 108.0 205.0 1752.0
0.0 169.0 77.0 273.0 1555.0
0.0 92.0 129.0 340.0 2261.0
0.0 33.0 165.0 494.0 2954.0
0.0 75.0 152.0 343.0 2568.0
0.0 73.0 123.0 536.0 2535.0
0.0 27.0 164.0 579.0 3009.0
0.0 124.0 132.0 195.0 2021.0
0.0 122.0 135.0 191.0 2069.0
0.0 262.0 32.0 128.0 645.0
0.0 196.0 63.0 250.0 1291.0
0.0 183.0 100.0 131.0 1442.0
0.0 134.0 115.0 219.0 1855.0
0.0 14.0 167.0 613.0 3178.0
0.0 109.0 137.0 264.0 2202.0
0.0 143.0 102.0 252.0 1827.0
0.0 232.0 44.0 181.0 944.0
0.0 130.0 113.0 261.0 1955.0
0.0 57.0 155.0 408.0 2707.0
0.0 12.0 172.0 607.0 3179.0
0.0 53.0 155.0 435.0 2734.0
0.0 248.0 43.0 117.0 779.0
0.0 2.0 179.0 614.0 3293.0
0.0 249.0 29.0 162.0 802.0
0.0 241.0 53.0 111.0 833.0
0.0 40.0 163.0 469.0 2897.0
0.0 77.0 102.0 626.0 2530.0
0.0 38.0 173.0 427.0 2931.0
0.0 231.0 55.0 136.0 986.0
0.0 228.0 46.0 155.0 992.0
0.0 22.0 175.0 500.0 3069.0
0.0 203.0 75.0 142.0 1210.0
0.0 66.0 165.0 293.0 2651.0
0.0 126.0 131.0 197.0 1995.0
0.0 184.0 58.0 268.0 1406.0
0.0 106.0 100.0 423.0 2164.0
0.0 137.0 89.0 318.0 1847.0
0.0 278.0 24.0 107.0 505.0
0.0 248.0 39.0 137.0 791.0
0.0 68.0 163.0 293.0 2614.0
0.0 243.0 51.0 109.0 831.0
0.0 252.0 29.0 152.0 772.0
0.0 167.0 78.0 277.0 1577.0
0.0 158.0 60.0 401.0 1699.0
0.0 38.0 174.0 393.0 2908.0
0.0 31.0 165.0 509.0 2964.0
0.0 178.0 89.0 171.0 1431.0
0.0 232.0 50.0 137.0 919.0
0.0 137.0 72.0 423.0 1894.0
0.0 198.0 43.0 328.0 1328.0
0.0 25.0 164.0 573.0 3053.0
0.0 83.0 116.0 468.0 2374.0
0.0 195.0 58.0 213.0 1299.0
0.0 138.0 113.0 208.0 1829.0
0.0 225.0 48.0 158.0 1014.0
0.0 270.0 31.0 102.0 578.0
0.0 65.0 157.0 376.0 2630.0
0.0 75.0 104.0 626.0 2540.0
0.0 131.0 70.0 483.0 1976.0
0.0 235.0 42.0 174.0 911.0
0.0 53.0 169.0 337.0 2770.0
0.0 53.0 141.0 507.0 2661.0
0.0 90.0 152.0 245.0 2379.0
0.0 185.0 64.0 223.0 1405.0
0.0 164.0 91.0 197.0 1572.0
0.0 139.0 76.0 382.0 1882.0
0.0 193.0 85.0 149.0 1293.0
0.0 75.0 149.0 364.0 2533.0
0.0 258.0 44.0 102.0 694.0
0.0 181.0 69.0 221.0 1425.0
0.0 25.0 172.0 498.0 3037.0
0.0 182.0 63.0 245.0 1426.0
0.0 227.0 63.0 117.0 991.0
0.0 130.0 71.0 484.0 1991.0
0.0 33.0 150.0 604.0 2984.0
0.0 218.0 52.0 169.0 1066.0
0.0 280.0 24.0 104.0 492.0
0.0 56.0 153.0 432.0 2724.0
0.0 227.0 45.0 161.0 997.0
0.0 191.0 83.0 168.0 1399.0
0.0 174.0 98.0 153.0 1487.0
0.0 138.0 108.0 247.0 1879.0
0.0 125.0 132.0 197.0 2009.0
0.0 246.0 40.0 141.0 836.0
0.0 212.0 51.0 232.0 1158.0
0.0 124.0 118.0 244.0 1955.0
0.0 253.0 34.0 142.0 745.0
0.0 236.0 54.0 117.0 901.0
0.0 269.0 28.0 110.0 590.0
0.0 276.0 25.0 106.0 532.0
0.0 214.0 72.0 123.0 1091.0
0.0 72.0 147.0 379.0 2579.0
0.0 162.0 96.0 185.0 1605.0
0.0 204.0 82.0 123.0 1196.0
0.0 201.0 74.0 150.0 1231.0
0.0 173.0 87.0 190.0 1478.0
0.0 43.0 144.0 581.0 2854.0
0.0 61.0 156.0 392.0 2693.0
0.0 129.0 131.0 184.0 1984.0
0.0 155.0 108.0 172.0 1671.0
0.0 116.0 122.0 258.0 2031.0
0.0 204.0 77.0 133.0 1199.0
0.0 116.0 138.0 204.0 2126.0
0.0 51.0 169.0 343.0 2802.0
0.0 208.0 71.0 137.0 1153.0
0.0 82.0 137.0 348.0 2373.0
0.0 93.0 131.0 324.0 2259.0
0.0 35.0 171.0 452.0 2939.0
0.0 129.0 102.0 290.0 1898.0
0.0 240.0 44.0 132.0 860.0
0.0 162.0 84.0 230.0 1592.0
0.0 51.0 158.0 501.0 2757.0
0.0 153.0 65.0 383.0 1724.0
0.0 275.0 25.0 107.0 539.0
0.0 138.0 93.0 287.0 1832.0
0.0 50.0 155.0 448.0 2794.0
0.0 88.0 111.0 466.0 2335.0
0.0 203.0 57.0 269.0 1216.0
0.0 267.0 38.0 116.0 602.0
0.0 128.0 97.0 320.0 1930.0
0.0 59.0 158.0 397.0 2669.0
0.0 56.0 159.0 412.0 2722.0
0.0 248.0 45.0 115.0 763.0
0.0 44.0 147.0 528.0 2769.0
0.0 49.0 159.0 441.0 2792.0
0.0 149.0 71.0 365.0 1757.0
0.0 142.0 69.0 419.0 1846.0
0.0 35.0 171.0 456.0 2921.0
0.0 177.0 56.0 309.0 1502.0
0.0 137.0 97.0 283.0 1829.0
0.0 28.0 165.0 561.0 3018.0
0.0 143.0 90.0 281.0 1770.0
0.0 233.0 54.0 131.0 917.0
0.0 121.0 80.0 466.0 2064.0
0.0 42.0 156.0 551.0 2838.0
0.0 216.0 56.0 157.0 1089.0
0.0 233.0 45.0 146.0 933.0
0.0 274.0 26.0 109.0 542.0
0.0 132.0 127.0 187.0 1941.0
0.0 112.0 77.0 570.0 2191.0
0.0 17.0 168.0 579.0 3109.0
0.0 139.0 110.0 219.0 1810.0
0.0 37.0 148.0 597.0 2936.0
0.0 59.0 166.0 319.0 2701.0
0.0 72.0 149.0 379.0 2545.0
0.0 35.0 168.0 467.0 2923.0
0.0 228.0 66.0 109.0 994.0
0.0 132.0 94.0 319.0 1886.0
0.0 234.0 57.0 115.0 926.0
0.0 184.0 49.0 350.0 1449.0
0.0 38.0 152.0 575.0 2912.0
0.0 260.0 38.0 105.0 664.0
0.0 201.0 42.0 315.0 1301.0
0.0 32.0 170.0 468.0 2949.0
0.0 204.0 75.0 142.0 1199.0
0.0 8.0 171.0 626.0 3245.0
0.0 21.0 168.0 567.0 3118.0
0.0 160.0 60.0 384.0 1668.0
0.0 36.0 162.0 551.0 2926.0
0.0 93.0 111.0 434.0 2284.0
0.0 97.0 138.0 297.0 2344.0
0.0 144.0 101.0 253.0 1808.0
0.0 235.0 60.0 110.0 909.0
0.0 58.0 167.0 324.0 2705.0
0.0 130.0 70.0 490.0 1991.0
0.0 280.0 26.0 101.0 491.0
0.0 189.0 88.0 142.0 1392.0
0.0 264.0 30.0 122.0 631.0
0.0 65.0 165.0 297.0 2657.0
0.0 256.0 32.0 147.0 722.0
0.0 277.0 25.0 109.0 514.0
0.0 48.0 144.0 520.0 2722.0
0.0 131.0 74.0 444.0 1974.0
0.0 171.0 103.0 155.0 1531.0
0.0 266.0 26.0 126.0 620.0
0.0 169.0 81.0 215.0 1520.0
0.0 271.0 28.0 110.0 576.0
0.0 164.0 59.0 374.0 1617.0
0.0 158.0 83.0 247.0 1641.0
0.0 256.0 28.0 147.0 731.0
0.0 277.0 31.0 103.0 526.0
0.0 238.0 56.0 111.0 873.0
0.0 271.0 26.0 110.0 579.0
0.0 48.0 165.0 405.0 2823.0
0.0 242.0 44.0 140.0 845.0
0.0 133.0 88.0 341.0 1918.0
0.0 88.0 153.0 252.0 2396.0
0.0 116.0 77.0 537.0 2139.0
0.0 112.0 94.0 423.0 2141.0
0.0 276.0 26.0 102.0 542.0
0.0 74.0 105.0 626.0 2546.0
0.0 271.0 28.0 112.0 567.0
0.0 115.0 125.0 252.0 2045.0
0.0 196.0 84.0 143.0 1268.0
0.0 133.0 111.0 272.0 1942.0
0.0 185.0 74.0 189.0 1386.0
0.0 82.0 133.0 369.0 2369.0
0.0 189.0 55.0 262.0 1368.0
0.0 108.0 120.0 308.0 2117.0
0.0 275.0 31.0 103.0 537.0
0.0 201.0 80.0 133.0 1229.0
0.0 51.0 151.0 507.0 2794.0
0.0 246.0 44.0 120.0 793.0
0.0 30.0 161.0 554.0 3001.0
0.0 74.0 122.0 487.0 2464.0
0.0 237.0 34.0 181.0 909.0
0.0 156.0 116.0 159.0 1726.0
0.0 218.0 64.0 134.0 1049.0
0.0 122.0 110.0 284.0 1978.0
0.0 122.0 73.0 524.0 2092.0
0.0 138.0 110.0 222.0 1828.0
0.0 170.0 70.0 260.0 1546.0
0.0 18.0 178.0 504.0 3133.0
0.0 194.0 85.0 137.0 1295.0
0.0 270.0 29.0 108.0 579.0
0.0 121.0 135.0 193.0 2082.0
0.0 95.0 126.0 341.0 2238.0
0.0 49.0 172.0 348.0 2812.0
0.0 233.0 32.0 223.0 961.0
0.0 126.0 95.0 396.0 2001.0
0.0 210.0 69.0 137.0 1135.0
0.0 217.0 64.0 136.0 1056.0
0.0 204.0 78.0 131.0 1182.0
0.0 73.0 158.0 290.0 2550.0
0.0 173.0 64.0 273.0 1517.0
0.0 257.0 40.0 108.0 711.0
0.0 22.0 167.0 571.0 3124.0
0.0 93.0 119.0 383.0 2268.0
0.0 14.0 178.0 535.0 3148.0
0.0 127.0 100.0 314.0 1919.0
0.0 94.0 94.0 549.0 2366.0
0.0 102.0 101.0 439.0 2213.0
0.0 5.0 179.0 587.0 3253.0
0.0 58.0 156.0 405.0 2715.0
0.0 189.0 68.0 200.0 1334.0
0.0 43.0 174.0 366.0 2869.0
0.0 186.0 76.0 175.0 1376.0
0.0 181.0 62.0 250.0 1436.0
0.0 176.0 98.0 151.0 1542.0
0.0 267.0 28.0 122.0 615.0
0.0 10.0 179.0 543.0 3204.0
0.0 130.0 95.0 322.0 1904.0
0.0 145.0 66.0 437.0 1803.0
0.0 168.0 82.0 220.0 1544.0
0.0 101.0 146.0 225.0 2276.0
0.0 38.0 155.0 564.0 2910.0
0.0 175.0 94.0 161.0 1478.0
0.0 219.0 59.0 142.0 1061.0
0.0 104.0 89.0 519.0 2257.0
0.0 110.0 79.0 569.0 2200.0
0.0 17.0 176.0 523.0 3119.0
0.0 15.0 168.0 610.0 3154.0
0.0 47.0 145.0 521.0 2729.0
0.0 169.0 80.0 273.0 1543.0
0.0 115.0 100.0 424.0 2080.0
0.0 214.0 43.0 220.0 1137.0
0.0 269.0 35.0 117.0 581.0
0.0 178.0 56.0 306.0 1490.0
0.0 237.0 55.0 115.0 878.0
0.0 169.0 98.0 162.0 1528.0
0.0 135.0 101.0 273.0 1838.0
0.0 148.0 66.0 399.0 1795.0
0.0 222.0 66.0 122.0 1003.0
0.0 158.0 61.0 397.0 1677.0
0.0 125.0 117.0 248.0 1940.0
0.0 135.0 114.0 220.0 1858.0
0.0 263.0 40.0 100.0 649.0
0.0 273.0 30.0 102.0 551.0
0.0 273.0 28.0 102.0 572.0
0.0 37.0 149.0 590.0 2933.0
0.0 24.0 167.0 559.0 3052.0
0.0 115.0 80.0 530.0 2121.0
0.0 137.0 111.0 222.0 1830.0
0.0 195.0 83.0 172.0 1286.0
0.0 68.0 151.0 386.0 2595.0
0.0 168.0 84.0 209.0 1524.0
0.0 220.0 47.0 175.0 1062.0
0.0 271.0 32.0 99.0 580.0
0.0 157.0 64.0 367.0 1693.0
0.0 257.0 36.0 118.0 687.0
0.0 94.0 115.0 400.0 2270.0
0.0 258.0 29.0 141.0 732.0
0.0 260.0 34.0 115.0 663.0
0.0 181.0 84.0 185.0 1443.0
0.0 257.0 34.0 120.0 695.0
0.0 132.0 83.0 370.0 1947.0
0.0 35.0 154.0 570.0 2951.0
0.0 236.0 58.0 109.0 900.0
0.0 23.0 164.0 591.0 3084.0
0.0 56.0 155.0 420.0 2734.0
0.0 144.0 107.0 214.0 1767.0
0.0 23.0 171.0 527.0 3035.0
0.0 222.0 48.0 169.0 1037.0
0.0 55.0 169.0 327.0 2763.0
0.0 149.0 115.0 171.0 1765.0
0.0 214.0 72.0 125.0 1086.0
0.0 220.0 41.0 206.0 1080.0
0.0 146.0 70.0 389.0 1797.0
0.0 215.0 66.0 136.0 1074.0
0.0 25.0 171.0 508.0 3030.0
0.0 183.0 63.0 235.0 1424.0
0.0 102.0 110.0 425.0 2270.0
0.0 169.0 58.0 338.0 1583.0
0.0 184.0 96.0 135.0 1438.0
0.0 114.0 106.0 343.0 2056.0
0.0 20.0 178.0 492.0 3115.0
0.0 101.0 102.0 442.0 2204.0
0.0 179.0 56.0 301.0 1477.0
0.0 131.0 113.0 259.0 1964.0
0.0 118.0 79.0 517.0 2094.0
0.0 263.0 35.0 110.0 635.0
0.0 232.0 36.0 188.0 955.0
0.0 95.0 118.0 381.0 2240.0
0.0 64.0 135.0 496.0 2665.0
0.0 26.0 159.0 580.0 3014.0
0.0 82.0 157.0 259.0 2468.0
0.0 189.0 64.0 213.0 1364.0
0.0 245.0 45.0 125.0 823.0
0.0 66.0 153.0 385.0 2592.0
0.0 86.0 116.0 445.0 2340.0
0.0 77.0 123.0 466.0 2423.0
0.0 59.0 158.0 413.0 2667.0
0.0 254.0 37.0 136.0 719.0
0.0 147.0 105.0 211.0 1736.0
0.0 254.0 34.0 142.0 739.0
0.0 73.0 135.0 407.0 2477.0
0.0 137.0 113.0 213.0 1836.0
0.0 254.0 32.0 154.0 744.0
0.0 234.0 42.0 151.0 942.0
0.0 199.0 73.0 165.0 1257.0
0.0 209.0 79.0 119.0 1150.0
0.0 9.0 178.0 560.0 3223.0
0.0 170.0 95.0 180.0 1522.0
0.0 78.0 119.0 480.0 2420.0
0.0 61.0 118.0 626.0 2635.0
0.0 230.0 33.0 234.0 998.0
0.0 282.0 26.0 96.0 467.0
0.0 143.0 109.0 210.0 1774.0
0.0 255.0 34.0 134.0 743.0
0.0 47.0 172.0 355.0 2821.0
0.0 179.0 97.0 150.0 1518.0
0.0 49.0 158.0 444.0 2797.0
0.0 249.0 37.0 151.0 777.0
0.0 85.0 111.0 487.0 2369.0
0.0 56.0 167.0 328.0 2743.0
0.0 32.0 169.0 470.0 2994.0
0.0 170.0 96.0 166.0 1523.0
0.0 34.0 171.0 450.0 2964.0
0.0 191.0 85.0 166.0 1348.0
0.0 69.0 137.0 424.0 2506.0
0.0 91.0 127.0 376.0 2378.0
0.0 199.0 70.0 186.0 1241.0
0.0 14.0 179.0 518.0 3157.0
0.0 47.0 143.0 534.0 2741.0
0.0 77.0 159.0 280.0 2516.0
0.0 250.0 36.0 144.0 790.0
0.0 262.0 35.0 110.0 647.0
0.0 83.0 153.0 267.0 2452.0
0.0 249.0 34.0 170.0 797.0
0.0 11.0 179.0 535.0 3193.0
0.0 132.0 86.0 353.0 1936.0
0.0 204.0 71.0 168.0 1214.0
0.0 55.0 166.0 341.0 2736.0
0.0 191.0 53.0 262.0 1350.0
0.0 183.0 74.0 199.0 1407.0
0.0 221.0 70.0 119.0 1053.0
0.0 121.0 134.0 196.0 2086.0
0.0 61.0 165.0 318.0 2677.0
0.0 199.0 54.0 214.0 1279.0
0.0 192.0 46.0 344.0 1386.0
0.0 149.0 62.0 447.0 1794.0
0.0 143.0 92.0 279.0 1777.0
0.0 122.0 117.0 259.0 1975.0
0.0 36.0 167.0 467.0 2912.0
0.0 61.0 168.0 310.0 2684.0
0.0 64.0 150.0 417.0 2632.0
0.0 124.0 87.0 390.0 2029.0
0.0 235.0 59.0 111.0 899.0
0.0 96.0 102.0 476.0 2275.0
0.0 131.0 69.0 507.0 1976.0
0.0 124.0 120.0 239.0 1948.0
0.0 107.0 123.0 296.0 2126.0
0.0 28.0 170.0 495.0 3028.0
0.0 49.0 164.0 412.0 2812.0
0.0 63.0 153.0 409.0 2650.0
0.0 129.0 99.0 303.0 1902.0
0.0 153.0 99.0 229.0 1739.0
0.0 109.0 101.0 466.0 2157.0
0.0 81.0 136.0 360.0 2391.0
0.0 76.0 160.0 277.0 2520.0
0.0 225.0 67.0 113.0 1007.0
0.0 64.0 157.0 380.0 2638.0
0.0 190.0 55.0 254.0 1348.0
0.0 131.0 98.0 297.0 1890.0
0.0 167.0 66.0 297.0 1579.0
0.0 240.0 37.0 153.0 882.0
0.0 94.0 130.0 322.0 2254.0
0.0 266.0 29.0 115.0 618.0
0.0 185.0 61.0 234.0 1406.0
0.0 51.0 142.0 513.0 2695.0
0.0 97.0 131.0 302.0 2221.0
0.0 155.0 64.0 384.0 1699.0
0.0 187.0 88.0 155.0 1357.0
0.0 58.0 168.0 321.0 2719.0
0.0 141.0 118.0 188.0 1827.0
0.0 140.0 91.0 287.0 1818.0
0.0 133.0 98.0 287.0 1872.0
0.0 57.0 169.0 322.0 2726.0
0.0 66.0 167.0 293.0 2637.0
0.0 37.0 171.0 441.0 2891.0
0.0 33.0 168.0 478.0 2948.0
0.0 170.0 66.0 277.0 1532.0
0.0 28.0 157.0 581.0 3036.0
0.0 127.0 129.0 203.0 2015.0
0.0 165.0 68.0 297.0 1581.0
0.0 237.0 31.0 207.0 922.0
0.0 24.0 161.0 600.0 3079.0
0.0 133.0 115.0 224.0 1875.0
0.0 53.0 159.0 413.0 2733.0
0.0 224.0 65.0 119.0 1010.0
0.0 160.0 87.0 226.0 1605.0
0.0 199.0 50.0 250.0 1276.0
0.0 104.0 129.0 278.0 2159.0
0.0 209.0 70.0 137.0 1144.0
0.0 38.0 175.0 388.0 2904.0
0.0 206.0 71.0 155.0 1227.0
0.0 225.0 64.0 119.0 1000.0
0.0 245.0 48.0 115.0 792.0
0.0 171.0 100.0 163.0 1511.0
0.0 111.0 90.0 456.0 2161.0
0.0 30.0 154.0 598.0 3039.0
0.0 33.0 159.0 559.0 2996.0
0.0 115.0 95.0 397.0 2086.0
0.0 206.0 44.0 269.0 1212.0
0.0 242.0 57.0 101.0 835.0
0.0 209.0 68.0 142.0 1166.0
0.0 160.0 107.0 167.0 1629.0
0.0 156.0 80.0 267.0 1669.0
0.0 39.0 163.0 472.0 2889.0
0.0 244.0 40.0 148.0 848.0
0.0 47.0 162.0 433.0 2805.0
0.0 233.0 46.0 142.0 930.0
0.0 167.0 61.0 327.0 1592.0
0.0 114.0 76.0 569.0 2155.0
0.0 242.0 55.0 107.0 828.0
0.0 103.0 126.0 334.0 2217.0
0.0 33.0 163.0 507.0 2944.0
0.0 170.0 74.0 235.0 1558.0
0.0 230.0 48.0 144.0 953.0
0.0 141.0 121.0 179.0 1837.0
0.0 166.0 59.0 358.0 1594.0
0.0 133.0 113.0 234.0 1875.0
0.0 116.0 123.0 255.0 2039.0
0.0 88.0 138.0 310.0 2336.0
0.0 23.0 174.0 498.0 3053.0
0.0 200.0 73.0 153.0 1244.0
0.0 39.0 176.0 383.0 2909.0
0.0 197.0 77.0 177.0 1262.0
0.0 255.0 36.0 130.0 735.0
0.0 173.0 65.0 268.0 1510.0
0.0 255.0 34.0 137.0 717.0
0.0 118.0 75.0 543.0 2108.0
0.0 255.0 29.0 142.0 748.0
0.0 6.0 178.0 586.0 3241.0
0.0 21.0 165.0 584.0 3109.0
0.0 244.0 48.0 115.0 811.0
0.0 274.0 28.0 104.0 549.0
0.0 190.0 64.0 211.0 1351.0
0.0 48.0 164.0 418.0 2831.0
0.0 160.0 96.0 210.0 1666.0
0.0 77.0 125.0 448.0 2432.0
0.0 83.0 137.0 345.0 2356.0
0.0 190.0 85.0 148.0 1354.0
0.0 58.0 158.0 407.0 2670.0
0.0 195.0 67.0 186.0 1260.0
0.0 75.0 147.0 377.0 2506.0
0.0 260.0 30.0 135.0 705.0
0.0 78.0 158.0 273.0 2508.0
0.0 179.0 63.0 251.0 1466.0
0.0 24.0 173.0 504.0 3053.0
0.0 141.0 108.0 252.0 1844.0
0.0 85.0 153.0 271.0 2422.0
0.0 228.0 64.0 115.0 978.0
0.0 128.0 120.0 221.0 1921.0
0.0 132.0 107.0 282.0 1911.0
0.0 228.0 39.0 187.0 996.0
0.0 114.0 100.0 432.0 2091.0
0.0 212.0 78.0 117.0 1170.0
0.0 29.0 168.0 501.0 2984.0
0.0 276.0 24.0 114.0 522.0
0.0 10.0 179.0 544.0 3200.0
0.0 128.0 74.0 474.0 1998.0
0.0 270.0 28.0 112.0 583.0
0.0 42.0 162.0 463.0 2856.0
0.0 173.0 57.0 339.0 1537.0
0.0 125.0 73.0 505.0 2030.0
0.0 58.0 166.0 329.0 2704.0
0.0 216.0 54.0 164.0 1094.0
0.0 231.0 39.0 174.0 972.0
0.0 122.0 108.0 292.0 1970.0
0.0 82.0 157.0 261.0 2464.0
0.0 62.0 141.0 438.0 2585.0
0.0 208.0 43.0 261.0 1192.0
0.0 190.0 56.0 245.0 1367.0
0.0 211.0 53.0 241.0 1156.0
0.0 22.0 166.0 579.0 3088.0
0.0 104.0 81.0 600.0 2267.0
0.0 181.0 57.0 285.0 1438.0
0.0 134.0 126.0 183.0 1908.0
0.0 237.0 45.0 136.0 889.0
0.0 41.0 161.0 477.0 2848.0
0.0 119.0 107.0 311.0 1999.0
0.0 40.0 146.0 567.0 2814.0
0.0 46.0 160.0 454.0 2810.0
0.0 9.0 178.0 565.0 3214.0
0.0 274.0 26.0 107.0 548.0
0.0 207.0 42.0 274.0 1214.0
0.0 79.0 145.0 347.0 2505.0
0.0 155.0 109.0 182.0 1669.0
0.0 164.0 102.0 169.0 1580.0
0.0 194.0 53.0 252.0 1318.0
0.0 29.0 174.0 483.0 2995.0
0.0 227.0 49.0 149.0 979.0
0.0 93.0 134.0 305.0 2285.0
0.0 147.0 78.0 326.0 1762.0
0.0 180.0 91.0 154.0 1419.0
0.0 111.0 123.0 279.0 2081.0
0.0 254.0 29.0 145.0 757.0
0.0 278.0 28.0 96.0 511.0
0.0 16.0 172.0 589.0 3131.0
0.0 243.0 56.0 101.0 824.0
0.0 94.0 149.0 242.0 2339.0
0.0 19.0 176.0 515.0 3100.0
0.0 189.0 89.0 141.0 1334.0
0.0 134.0 124.0 189.0 1911.0
0.0 141.0 92.0 279.0 1799.0
0.0 49.0 159.0 446.0 2782.0
0.0 219.0 69.0 126.0 1035.0
0.0 98.0 148.0 232.0 2308.0
0.0 66.0 153.0 375.0 2628.0
0.0 55.0 162.0 401.0 2731.0
0.0 136.0 86.0 410.0 1910.0
0.0 165.0 58.0 372.0 1616.0
0.0 95.0 103.0 476.0 2280.0
0.0 51.0 170.0 342.0 2783.0
0.0 97.0 105.0 447.0 2255.0
0.0 51.0 161.0 413.0 2749.0
0.0 258.0 33.0 120.0 690.0
0.0 18.0 174.0 530.0 3109.0
0.0 132.0 113.0 260.0 1945.0
0.0 173.0 65.0 269.0 1508.0
0.0 119.0 97.0 431.0 2052.0
0.0 278.0 26.0 104.0 501.0
0.0 202.0 48.0 247.0 1252.0
0.0 199.0 84.0 129.0 1249.0
0.0 259.0 30.0 140.0 701.0
0.0 276.0 24.0 112.0 532.0
0.0 30.0 161.0 580.0 2997.0
0.0 136.0 114.0 213.0 1850.0
0.0 257.0 31.0 133.0 699.0
0.0 124.0 120.0 236.0 1963.0
0.0 256.0 34.0 140.0 706.0
0.0 25.0 165.0 577.0 3036.0
0.0 38.0 157.0 518.0 2907.0
0.0 156.0 62.0 407.0 1702.0
0.0 23.0 172.0 507.0 3070.0
0.0 271.0 26.0 119.0 568.0
0.0 174.0 56.0 337.0 1521.0
0.0 107.0 122.0 297.0 2113.0
0.0 175.0 64.0 263.0 1494.0
0.0 159.0 80.0 255.0 1632.0
0.0 72.0 160.0 291.0 2560.0
0.0 223.0 54.0 168.0 1031.0
0.0 61.0 142.0 438.0 2596.0
0.0 174.0 76.0 216.0 1503.0
0.0 212.0 55.0 205.0 1159.0
0.0 12.0 171.0 604.0 3187.0
0.0 275.0 34.0 97.0 530.0
0.0 127.0 86.0 385.0 2000.0
0.0 191.0 55.0 248.0 1343.0
0.0 108.0 125.0 283.0 2111.0
0.0 265.0 26.0 130.0 631.0
0.0 112.0 128.0 251.0 2080.0
0.0 133.0 74.0 440.0 1940.0
0.0 248.0 32.0 180.0 797.0
0.0 55.0 168.0 330.0 2748.0
0.0 211.0 76.0 121.0 1125.0
0.0 141.0 120.0 180.0 1837.0
0.0 246.0 52.0 103.0 789.0
0.0 146.0 64.0 460.0 1825.0
0.0 249.0 42.0 117.0 771.0
0.0 32.0 154.0 573.0 3003.0
0.0 112.0 79.0 553.0 2174.0
0.0 167.0 65.0 300.0 1565.0
0.0 170.0 60.0 315.0 1565.0
0.0 29.0 165.0 562.0 3002.0
0.0 132.0 128.0 184.0 1953.0
0.0 204.0 48.0 235.0 1230.0
0.0 238.0 57.0 112.0 865.0
0.0 114.0 107.0 345.0 2044.0
0.0 30.0 172.0 474.0 2989.0
0.0 182.0 65.0 235.0 1430.0
0.0 190.0 89.0 137.0 1333.0
0.0 108.0 139.0 232.0 2192.0
0.0 142.0 111.0 204.0 1785.0
0.0 192.0 87.0 137.0 1309.0
0.0 192.0 62.0 270.0 1331.0
0.0 139.0 70.0 443.0 1875.0
0.0 81.0 155.0 268.0 2472.0
0.0 60.0 152.0 415.0 2668.0
0.0 16.0 168.0 596.0 3145.0
0.0 232.0 51.0 134.0 919.0
0.0 86.0 132.0 352.0 2328.0
0.0 97.0 142.0 294.0 2353.0
0.0 115.0 76.0 553.0 2159.0
0.0 166.0 72.0 259.0 1594.0
0.0 170.0 85.0 195.0 1516.0
0.0 29.0 167.0 513.0 2967.0
0.0 137.0 85.0 339.0 1864.0
0.0 215.0 57.0 162.0 1097.0
0.0 97.0 114.0 393.0 2232.0
0.0 152.0 103.0 208.0 1686.0
0.0 230.0 45.0 153.0 973.0
0.0 181.0 91.0 153.0 1415.0
0.0 76.0 138.0 374.0 2442.0
0.0 199.0 78.0 157.0 1266.0
0.0 197.0 46.0 296.0 1318.0
0.0 222.0 70.0 111.0 1047.0
0.0 151.0 91.0 243.0 1697.0
0.0 83.0 118.0 454.0 2369.0
0.0 236.0 33.0 192.0 929.0
0.0 68.0 127.0 496.0 2522.0
0.0 282.0 24.0 98.0 480.0
0.0 52.0 133.0 598.0 2767.0
0.0 266.0 37.0 121.0 608.0
0.0 241.0 29.0 203.0 892.0
0.0 187.0 92.0 140.0 1416.0
0.0 142.0 91.0 285.0 1779.0
0.0 114.0 124.0 258.0 2051.0
0.0 129.0 92.0 423.0 1955.0
0.0 203.0 67.0 188.0 1204.0
0.0 191.0 58.0 233.0 1341.0
0.0 261.0 30.0 132.0 692.0
0.0 146.0 106.0 209.0 1746.0
0.0 183.0 89.0 153.0 1395.0
0.0 120.0 73.0 544.0 2099.0
0.0 187.0 70.0 195.0 1377.0
0.0 111.0 126.0 262.0 2082.0
0.0 60.0 156.0 409.0 2689.0
0.0 260.0 35.0 109.0 676.0
0.0 52.0 141.0 512.0 2683.0
0.0 30.0 162.0 554.0 2992.0
0.0 140.0 121.0 184.0 1862.0
0.0 278.0 26.0 97.0 526.0
0.0 277.0 25.0 103.0 529.0
0.0 260.0 43.0 100.0 682.0
0.0 169.0 65.0 288.0 1547.0
0.0 186.0 55.0 274.0 1393.0
0.0 102.0 127.0 334.0 2232.0
0.0 264.0 27.0 140.0 642.0
0.0 161.0 87.0 227.0 1600.0
0.0 244.0 47.0 124.0 827.0
0.0 264.0 32.0 116.0 628.0
0.0 27.0 158.0 580.0 3004.0
0.0 51.0 159.0 421.0 2746.0
0.0 97.0 148.0 234.0 2305.0
0.0 259.0 29.0 138.0 718.0
0.0 255.0 32.0 136.0 765.0
0.0 262.0 39.0 103.0 649.0
0.0 144.0 80.0 328.0 1816.0
0.0 145.0 116.0 188.0 1786.0
0.0 254.0 28.0 154.0 747.0
0.0 148.0 80.0 313.0 1748.0
0.0 120.0 135.0 196.0 2101.0
0.0 136.0 71.0 441.0 1912.0
0.0 105.0 107.0 386.0 2159.0
0.0 70.0 163.0 286.0 2600.0
0.0 232.0 59.0 115.0 933.0
0.0 167.0 86.0 204.0 1546.0
0.0 275.0 32.0 99.0 536.0
0.0 194.0 59.0 212.0 1310.0
0.0 230.0 42.0 197.0 963.0
0.0 158.0 116.0 151.0 1713.0
0.0 189.0 92.0 133.0 1375.0
0.0 214.0 57.0 160.0 1108.0
0.0 40.0 156.0 507.0 2859.0
0.0 56.0 161.0 406.0 2712.0
0.0 81.0 138.0 350.0 2381.0
0.0 1.0 179.0 618.0 3308.0
0.0 205.0 57.0 231.0 1189.0
0.0 7.0 178.0 578.0 3236.0
0.0 150.0 81.0 292.0 1720.0
0.0 283.0 25.0 96.0 470.0
0.0 264.0 34.0 109.0 631.0
0.0 65.0 151.0 397.0 2611.0
0.0 118.0 101.0 347.0 2035.0
0.0 85.0 116.0 452.0 2348.0
0.0 108.0 138.0 264.0 2209.0
0.0 65.0 114.0 626.0 2608.0
0.0 28.0 165.0 556.0 3045.0
0.0 159.0 76.0 272.0 1650.0
0.0 186.0 92.0 141.0 1371.0
0.0 118.0 119.0 265.0 2003.0
0.0 83.0 156.0 264.0 2460.0
0.0 187.0 53.0 282.0 1392.0
0.0 147.0 93.0 253.0 1723.0
0.0 125.0 84.0 410.0 2021.0
0.0 133.0 96.0 297.0 1882.0
0.0 275.0 31.0 99.0 547.0
0.0 124.0 117.0 255.0 1973.0
0.0 51.0 128.0 626.0 2729.0
0.0 257.0 35.0 116.0 699.0
0.0 197.0 63.0 251.0 1278.0
0.0 224.0 54.0 182.0 1012.0
0.0 73.0 146.0 379.0 2564.0
0.0 219.0 67.0 125.0 1071.0
0.0 72.0 153.0 359.0 2543.0
0.0 60.0 156.0 401.0 2691.0
0.0 244.0 34.0 194.0 844.0
0.0 70.0 150.0 382.0 2551.0
0.0 138.0 99.0 267.0 1815.0
0.0 92.0 149.0 256.0 2351.0
0.0 194.0 88.0 135.0 1358.0
0.0 179.0 56.0 307.0 1464.0
0.0 42.0 165.0 443.0 2864.0
0.0 14.0 170.0 604.0 3157.0
0.0 132.0 99.0 290.0 1875.0
0.0 100.0 103.0 511.0 2264.0
0.0 139.0 73.0 401.0 1886.0
0.0 92.0 90.0 603.0 2394.0
0.0 113.0 77.0 563.0 2165.0
0.0 25.0 174.0 497.0 3037.0
0.0 19.0 179.0 482.0 3099.0
0.0 147.0 77.0 327.0 1786.0
0.0 255.0 28.0 153.0 730.0
0.0 59.0 165.0 321.0 2710.0
0.0 276.0 27.0 99.0 544.0
0.0 243.0 39.0 153.0 842.0
0.0 221.0 61.0 162.0 1015.0
0.0 160.0 109.0 159.0 1651.0
0.0 273.0 28.0 106.0 553.0
0.0 129.0 100.0 297.0 1911.0
0.0 35.0 157.0 570.0 2937.0
0.0 72.0 151.0 361.0 2523.0
0.0 154.0 89.0 246.0 1660.0
0.0 170.0 82.0 211.0 1524.0
0.0 176.0 56.0 322.0 1498.0
0.0 205.0 66.0 162.0 1202.0
0.0 126.0 73.0 498.0 2014.0
0.0 244.0 54.0 103.0 814.0
0.0 208.0 52.0 193.0 1190.0
0.0 282.0 24.0 105.0 464.0
0.0 106.0 142.0 226.0 2208.0
0.0 207.0 70.0 142.0 1186.0
0.0 114.0 91.0 429.0 2136.0
0.0 174.0 85.0 194.0 1484.0
0.0 206.0 63.0 173.0 1202.0
0.0 43.0 167.0 440.0 2855.0
0.0 129.0 71.0 498.0 1991.0
0.0 167.0 58.0 365.0 1594.0
0.0 110.0 105.0 433.0 2137.0
0.0 245.0 29.0 178.0 841.0
0.0 258.0 35.0 118.0 679.0
0.0 101.0 83.0 605.0 2299.0
0.0 138.0 112.0 220.0 1832.0
0.0 113.0 121.0 274.0 2064.0
0.0 271.0 29.0 112.0 565.0
0.0 34.0 157.0 558.0 2979.0
0.0 62.0 165.0 314.0 2669.0
0.0 172.0 93.0 180.0 1500.0
0.0 204.0 71.0 163.0 1242.0
0.0 223.0 68.0 115.0 1023.0
0.0 116.0 133.0 225.0 2087.0
0.0 20.0 160.0 617.0 3113.0
0.0 139.0 83.0 335.0 1852.0
0.0 54.0 157.0 423.0 2739.0
0.0 156.0 64.0 371.0 1698.0
0.0 91.0 152.0 242.0 2369.0
0.0 193.0 54.0 248.0 1326.0
0.0 137.0 123.0 183.0 1867.0
0.0 149.0 105.0 206.0 1721.0
0.0 257.0 35.0 119.0 698.0
0.0 152.0 65.0 392.0 1730.0
0.0 90.0 153.0 248.0 2372.0
0.0 168.0 85.0 202.0 1534.0
0.0 166.0 82.0 231.0 1555.0
0.0 167.0 86.0 207.0 1541.0
0.0 142.0 119.0 179.0 1814.0
0.0 225.0 36.0 238.0 1040.0
0.0 30.0 177.0 422.0 2988.0
0.0 206.0 71.0 152.0 1231.0
0.0 85.0 95.0 617.0 2460.0
0.0 202.0 84.0 125.0 1205.0
0.0 18.0 175.0 516.0 3122.0
0.0 21.0 166.0 581.0 3109.0
0.0 250.0 41.0 124.0 785.0
0.0 36.0 177.0 395.0 2932.0
0.0 203.0 58.0 185.0 1233.0
0.0 33.0 158.0 572.0 2969.0
0.0 86.0 155.0 256.0 2421.0
0.0 276.0 25.0 107.0 531.0
0.0 128.0 101.0 297.0 1914.0
0.0 64.0 165.0 301.0 2663.0
0.0 40.0 167.0 445.0 2877.0
0.0 194.0 89.0 132.0 1349.0
0.0 272.0 33.0 108.0 560.0
0.0 40.0 140.0 617.0 2893.0
0.0 281.0 25.0 98.0 482.0
0.0 156.0 66.0 357.0 1678.0
0.0 56.0 140.0 490.0 2630.0
0.0 258.0 45.0 100.0 700.0
0.0 11.0 178.0 547.0 3178.0
0.0 230.0 57.0 132.0 943.0
0.0 224.0 68.0 111.0 1022.0
0.0 33.0 157.0 569.0 2970.0
0.0 44.0 147.0 529.0 2756.0
0.0 204.0 74.0 149.0 1174.0
0.0 24.0 174.0 488.0 3039.0
0.0 46.0 140.0 579.0 2822.0
0.0 139.0 67.0 467.0 1889.0
0.0 184.0 78.0 182.0 1370.0
0.0 66.0 152.0 394.0 2593.0
0.0 190.0 46.0 349.0 1399.0
0.0 34.0 168.0 469.0 2960.0
0.0 271.0 34.0 105.0 567.0
0.0 178.0 67.0 238.0 1472.0
0.0 231.0 46.0 146.0 964.0
0.0 58.0 129.0 557.0 2646.0
0.0 44.0 161.0 449.0 2829.0
0.0 131.0 99.0 293.0 1890.0
0.0 166.0 94.0 191.0 1553.0
0.0 156.0 79.0 276.0 1694.0
0.0 45.0 161.0 445.0 2862.0
0.0 260.0 29.0 135.0 708.0
0.0 156.0 77.0 281.0 1676.0
0.0 39.0 157.0 509.0 2901.0
0.0 98.0 107.0 431.0 2235.0
0.0 78.0 146.0 347.0 2514.0
0.0 96.0 87.0 598.0 2355.0
0.0 70.0 152.0 364.0 2546.0
0.0 219.0 46.0 187.0 1066.0
0.0 119.0 134.0 214.0 2077.0
0.0 181.0 89.0 160.0 1457.0
0.0 126.0 97.0 384.0 2003.0
0.0 136.0 84.0 430.0 1904.0
0.0 261.0 31.0 133.0 678.0
0.0 283.0 25.0 99.0 461.0
0.0 171.0 70.0 248.0 1545.0
0.0 206.0 51.0 204.0 1216.0
0.0 209.0 42.0 262.0 1193.0
0.0 234.0 48.0 153.0 912.0
0.0 131.0 126.0 192.0 1933.0
0.0 196.0 51.0 249.0 1314.0
0.0 143.0 67.0 433.0 1838.0
0.0 29.0 172.0 482.0 3001.0
0.0 237.0 36.0 168.0 907.0
0.0 218.0 63.0 135.0 1051.0
0.0 140.0 68.0 436.0 1880.0
0.0 256.0 31.0 144.0 732.0
0.0 175.0 90.0 170.0 1465.0
0.0 111.0 79.0 553.0 2197.0
0.0 132.0 125.0 192.0 1920.0
0.0 238.0 56.0 109.0 880.0
0.0 57.0 158.0 406.0 2714.0
0.0 279.0 27.0 96.0 506.0
0.0 206.0 58.0 226.0 1195.0
0.0 94.0 133.0 305.0 2271.0
0.0 132.0 98.0 293.0 1882.0
0.0 250.0 42.0 119.0 745.0
0.0 127.0 113.0 282.0 2002.0
0.0 114.0 77.0 553.0 2166.0
0.0 150.0 95.0 239.0 1698.0
0.0 18.0 179.0 486.0 3114.0
0.0 243.0 38.0 170.0 843.0
0.0 67.0 150.0 394.0 2583.0
0.0 255.0 37.0 124.0 723.0
0.0 261.0 34.0 118.0 653.0
0.0 56.0 156.0 426.0 2689.0
0.0 1.0 178.0 626.0 3309.0
0.0 7.0 179.0 571.0 3238.0
0.0 26.0 179.0 441.0 3023.0
0.0 134.0 110.0 235.0 1854.0
0.0 167.0 99.0 169.0 1547.0
0.0 138.0 86.0 322.0 1860.0
0.0 132.0 85.0 362.0 1947.0
0.0 41.0 163.0 455.0 2870.0
0.0 31.0 159.0 572.0 2994.0
0.0 7.0 179.0 566.0 3242.0
0.0 146.0 92.0 258.0 1743.0
0.0 186.0 93.0 140.0 1431.0
0.0 157.0 62.0 400.0 1687.0
0.0 267.0 34.0 100.0 607.0
0.0 117.0 122.0 254.0 2028.0
0.0 69.0 153.0 364.0 2560.0
0.0 227.0 46.0 159.0 995.0
0.0 82.0 117.0 468.0 2380.0
0.0 165.0 73.0 259.0 1600.0
0.0 61.0 134.0 528.0 2691.0
0.0 251.0 47.0 103.0 744.0
0.0 270.0 30.0 104.0 589.0
0.0 269.0 25.0 125.0 585.0
0.0 24.0 179.0 452.0 3041.0
0.0 35.0 170.0 456.0 2934.0
0.0 110.0 82.0 530.0 2193.0
0.0 103.0 110.0 382.0 2178.0
0.0 204.0 60.0 182.0 1196.0
0.0 161.0 102.0 173.0 1605.0
0.0 88.0 93.0 609.0 2442.0
0.0 55.0 159.0 405.0 2739.0
0.0 14.0 171.0 592.0 3176.0
0.0 269.0 30.0 108.0 589.0
0.0 15.0 169.0 596.0 3153.0
0.0 141.0 112.0 204.0 1808.0
0.0 18.0 178.0 508.0 3120.0
0.0 156.0 65.0 370.0 1705.0
0.0 174.0 99.0 163.0 1486.0
0.0 270.0 35.0 106.0 577.0
0.0 221.0 53.0 153.0 1038.0
0.0 200.0 72.0 165.0 1247.0
0.0 266.0 30.0 112.0 621.0
0.0 78.0 129.0 412.0 2424.0
0.0 166.0 60.0 345.0 1596.0
0.0 56.0 123.0 626.0 2697.0
0.0 40.0 155.0 551.0 2910.0
0.0 98.0 87.0 581.0 2330.0
0.0 49.0 158.0 443.0 2823.0
0.0 36.0 170.0 456.0 2908.0
0.0 160.0 97.0 188.0 1624.0
0.0 204.0 43.0 286.0 1243.0
0.0 182.0 88.0 160.0 1444.0
0.0 52.0 157.0 430.0 2752.0
0.0 224.0 58.0 137.0 976.0
0.0 121.0 75.0 511.0 2088.0
0.0 250.0 36.0 145.0 783.0
0.0 150.0 67.0 380.0 1760.0
0.0 55.0 138.0 543.0 2704.0
0.0 249.0 34.0 159.0 806.0
0.0 18.0 169.0 573.0 3119.0
0.0 89.0 91.0 617.0 2431.0
0.0 93.0 125.0 357.0 2252.0
0.0 181.0 96.0 149.0 1454.0
0.0 16.0 178.0 520.0 3141.0
0.0 28.0 174.0 469.0 3022.0
0.0 222.0 57.0 158.0 1024.0
0.0 241.0 43.0 153.0 843.0
0.0 183.0 85.0 167.0 1389.0
0.0 273.0 25.0 111.0 557.0
0.0 183.0 72.0 195.0 1428.0
0.0 144.0 119.0 177.0 1800.0
0.0 123.0 87.0 398.0 2050.0
0.0 117.0 117.0 279.0 2024.0
0.0 231.0 32.0 238.0 990.0
0.0 32.0 162.0 539.0 2963.0
0.0 263.0 37.0 101.0 641.0
0.0 125.0 72.0 515.0 2046.0
0.0 63.0 128.0 526.0 2586.0
0.0 130.0 130.0 184.0 1983.0
0.0 141.0 102.0 261.0 1832.0
0.0 186.0 90.0 151.0 1378.0
0.0 233.0 42.0 190.0 927.0
0.0 258.0 34.0 118.0 683.0
0.0 114.0 107.0 342.0 2048.0
0.0 174.0 55.0 347.0 1535.0
0.0 133.0 112.0 270.0 1915.0
0.0 36.0 172.0 441.0 2904.0
0.0 33.0 174.0 454.0 2962.0
0.0 60.0 156.0 400.0 2705.0
0.0 218.0 70.0 126.0 1046.0
0.0 129.0 72.0 483.0 1989.0
0.0 240.0 54.0 111.0 848.0
0.0 185.0 62.0 238.0 1399.0
0.0 231.0 51.0 137.0 925.0
0.0 19.0 178.0 504.0 3113.0
0.0 161.0 106.0 167.0 1617.0
0.0 272.0 33.0 96.0 593.0
0.0 41.0 175.0 373.0 2886.0
0.0 215.0 43.0 217.0 1125.0
0.0 256.0 42.0 103.0 697.0
0.0 138.0 68.0 451.0 1907.0
0.0 12.0 177.0 551.0 3178.0
0.0 122.0 73.0 527.0 2074.0
0.0 25.0 165.0 580.0 3031.0
0.0 276.0 25.0 108.0 528.0
0.0 32.0 156.0 596.0 2982.0
0.0 120.0 74.0 537.0 2091.0
0.0 261.0 34.0 112.0 657.0
0.0 242.0 49.0 129.0 851.0
0.0 273.0 25.0 112.0 550.0
0.0 82.0 155.0 274.0 2461.0
0.0 109.0 80.0 563.0 2214.0
0.0 106.0 94.0 467.0 2187.0
0.0 210.0 62.0 158.0 1164.0
0.0 10.0 178.0 556.0 3199.0
0.0 194.0 66.0 191.0 1291.0
0.0 150.0 88.0 261.0 1703.0
0.0 56.0 169.0 325.0 2744.0
0.0 161.0 112.0 153.0 1662.0
0.0 43.0 148.0 528.0 2777.0
0.0 164.0 99.0 180.0 1557.0
0.0 272.0 30.0 103.0 563.0
0.0 139.0 119.0 201.0 1854.0
0.0 107.0 83.0 548.0 2225.0
0.0 275.0 28.0 112.0 533.0
0.0 101.0 113.0 375.0 2176.0
0.0 36.0 165.0 486.0 2929.0
0.0 103.0 111.0 378.0 2176.0
0.0 252.0 41.0 114.0 728.0
0.0 271.0 33.0 108.0 562.0
0.0 168.0 83.0 217.0 1529.0
0.0 53.0 170.0 335.0 2763.0
0.0 66.0 162.0 306.0 2624.0
0.0 2.0 178.0 618.0 3293.0
0.0 152.0 67.0 370.0 1732.0
0.0 160.0 76.0 273.0 1643.0
0.0 32.0 173.0 452.0 2978.0
0.0 230.0 46.0 151.0 956.0
0.0 211.0 60.0 166.0 1141.0
0.0 227.0 60.0 123.0 977.0
0.0 51.0 139.0 566.0 2745.0
0.0 187.0 94.0 133.0 1403.0
0.0 24.0 179.0 450.0 3048.0
0.0 182.0 56.0 293.0 1436.0
0.0 12.0 172.0 601.0 3192.0
0.0 148.0 91.0 260.0 1717.0
0.0 148.0 112.0 186.0 1743.0
0.0 160.0 75.0 277.0 1637.0
0.0 29.0 177.0 427.0 3003.0
0.0 137.0 84.0 341.0 1882.0
0.0 14.0 177.0 540.0 3153.0
0.0 280.0 25.0 98.0 496.0
0.0 164.0 72.0 277.0 1591.0
0.0 215.0 78.0 109.0 1157.0
0.0 115.0 102.0 361.0 2059.0
0.0 265.0 33.0 112.0 619.0
0.0 280.0 27.0 96.0 491.0
0.0 81.0 134.0 371.0 2374.0
0.0 82.0 156.0 268.0 2452.0
0.0 149.0 107.0 197.0 1717.0
0.0 29.0 179.0 424.0 2991.0
0.0 199.0 61.0 190.0 1258.0
0.0 136.0 121.0 200.0 1895.0
0.0 196.0 65.0 178.0 1310.0
0.0 100.0 136.0 298.0 2278.0
0.0 183.0 94.0 142.0 1480.0
0.0 165.0 71.0 272.0 1607.0
0.0 115.0 119.0 304.0 2130.0
0.0 97.0 115.0 390.0 2224.0
0.0 226.0 66.0 113.0 997.0
0.0 243.0 38.0 171.0 840.0
0.0 227.0 60.0 132.0 972.0
0.0 211.0 68.0 137.0 1127.0
0.0 121.0 75.0 521.0 2063.0
0.0 22.0 175.0 509.0 3067.0
0.0 225.0 45.0 217.0 1019.0
0.0 120.0 90.0 401.0 2061.0
0.0 54.0 157.0 424.0 2732.0
0.0 149.0 104.0 207.0 1714.0
0.0 104.0 83.0 572.0 2263.0
0.0 115.0 118.0 314.0 2124.0
0.0 64.0 129.0 510.0 2574.0
0.0 109.0 106.0 433.0 2145.0
0.0 168.0 92.0 190.0 1524.0
0.0 86.0 134.0 345.0 2321.0
0.0 76.0 103.0 626.0 2531.0
0.0 149.0 69.0 380.0 1781.0
0.0 160.0 103.0 180.0 1626.0
0.0 30.0 160.0 567.0 3028.0
0.0 32.0 163.0 570.0 2962.0
0.0 150.0 91.0 247.0 1707.0
0.0 252.0 40.0 119.0 729.0
0.0 25.0 163.0 583.0 3050.0
0.0 14.0 179.0 514.0 3162.0
0.0 35.0 172.0 450.0 2941.0
0.0 96.0 142.0 299.0 2359.0
0.0 163.0 95.0 194.0 1583.0
0.0 107.0 126.0 278.0 2131.0
0.0 127.0 95.0 388.0 1990.0
0.0 132.0 111.0 268.0 1970.0
0.0 193.0 64.0 258.0 1316.0
0.0 211.0 43.0 247.0 1169.0
0.0 254.0 28.0 156.0 740.0
0.0 116.0 82.0 486.0 2118.0
0.0 221.0 53.0 187.0 1024.0
0.0 108.0 123.0 292.0 2115.0
0.0 271.0 29.0 109.0 568.0
0.0 69.0 166.0 285.0 2603.0
0.0 91.0 151.0 251.0 2366.0
0.0 270.0 26.0 113.0 585.0
0.0 172.0 56.0 345.0 1552.0
0.0 274.0 33.0 101.0 539.0
0.0 267.0 26.0 123.0 610.0
0.0 258.0 36.0 111.0 686.0
0.0 243.0 54.0 103.0 831.0
0.0 64.0 127.0 526.0 2576.0
0.0 202.0 69.0 191.0 1207.0
0.0 184.0 68.0 214.0 1396.0
0.0 178.0 65.0 252.0 1466.0
0.0 73.0 127.0 462.0 2466.0
0.0 40.0 164.0 460.0 2858.0
0.0 165.0 60.0 349.0 1620.0
0.0 175.0 81.0 195.0 1467.0
0.0 249.0 42.0 132.0 763.0
0.0 209.0 48.0 213.0 1172.0
0.0 47.0 165.0 418.0 2841.0
0.0 142.0 68.0 420.0 1861.0
0.0 117.0 101.0 352.0 2050.0
0.0 191.0 89.0 135.0 1338.0
0.0 252.0 45.0 107.0 728.0
0.0 173.0 71.0 236.0 1529.0
0.0 226.0 63.0 132.0 1032.0
0.0 208.0 71.0 142.0 1152.0
0.0 150.0 67.0 390.0 1758.0
0.0 9.0 179.0 558.0 3214.0
0.0 138.0 70.0 441.0 1891.0
0.0 70.0 142.0 384.0 2515.0
0.0 126.0 73.0 491.0 2040.0
0.0 178.0 88.0 166.0 1444.0
0.0 184.0 85.0 159.0 1402.0
0.0 172.0 96.0 169.0 1495.0
0.0 263.0 36.0 101.0 647.0
0.0 168.0 83.0 214.0 1534.0
0.0 238.0 36.0 167.0 894.0
0.0 239.0 40.0 146.0 880.0
0.0 31.0 170.0 474.0 2987.0
0.0 159.0 103.0 181.0 1629.0
0.0 268.0 29.0 111.0 611.0
0.0 189.0 86.0 169.0 1362.0
0.0 194.0 70.0 173.0 1308.0
0.0 169.0 66.0 283.0 1538.0
0.0 196.0 52.0 243.0 1304.0
0.0 11.0 175.0 583.0 3188.0
0.0 248.0 38.0 145.0 808.0
0.0 195.0 84.0 137.0 1283.0
0.0 238.0 41.0 148.0 889.0
0.0 234.0 53.0 131.0 909.0
0.0 232.0 61.0 109.0 944.0
0.0 122.0 77.0 494.0 2054.0
0.0 150.0 77.0 318.0 1746.0
0.0 233.0 60.0 113.0 923.0
0.0 72.0 164.0 276.0 2576.0
0.0 167.0 60.0 348.0 1572.0
0.0 262.0 36.0 107.0 643.0
0.0 48.0 157.0 453.0 2772.0
0.0 220.0 62.0 133.0 1053.0
0.0 73.0 138.0 391.0 2478.0
0.0 93.0 91.0 588.0 2385.0
0.0 36.0 154.0 552.0 2916.0
0.0 281.0 25.0 96.0 491.0
0.0 193.0 71.0 173.0 1316.0
0.0 236.0 37.0 168.0 926.0
0.0 24.0 162.0 589.0 3053.0
0.0 198.0 82.0 145.0 1244.0
0.0 75.0 150.0 360.0 2548.0
0.0 244.0 29.0 185.0 849.0
0.0 75.0 145.0 383.0 2506.0
0.0 30.0 162.0 533.0 2997.0
0.0 71.0 154.0 359.0 2558.0
0.0 131.0 117.0 222.0 1885.0
0.0 265.0 32.0 110.0 620.0
0.0 138.0 84.0 335.0 1858.0
0.0 69.0 121.0 565.0 2589.0
0.0 268.0 28.0 122.0 593.0
0.0 123.0 92.0 373.0 2012.0
0.0 273.0 33.0 99.0 550.0
0.0 187.0 62.0 230.0 1387.0
0.0 52.0 160.0 413.0 2741.0
0.0 257.0 28.0 142.0 735.0
0.0 135.0 123.0 192.0 1888.0
0.0 21.0 173.0 520.0 3063.0
0.0 235.0 45.0 157.0 919.0
0.0 113.0 107.0 343.0 2063.0
0.0 181.0 63.0 243.0 1443.0
0.0 92.0 89.0 612.0 2396.0
0.0 277.0 26.0 109.0 508.0
0.0 123.0 119.0 248.0 1960.0
0.0 164.0 59.0 373.0 1618.0
0.0 197.0 65.0 184.0 1252.0
0.0 134.0 92.0 367.0 1917.0
0.0 99.0 122.0 336.0 2197.0
0.0 87.0 153.0 253.0 2413.0
0.0 247.0 29.0 171.0 816.0
0.0 53.0 143.0 490.0 2662.0
0.0 18.0 176.0 519.0 3104.0
0.0 63.0 166.0 306.0 2664.0
0.0 247.0 30.0 165.0 810.0
0.0 221.0 57.0 166.0 1025.0
0.0 183.0 52.0 313.0 1451.0
0.0 239.0 45.0 132.0 866.0
0.0 68.0 140.0 411.0 2515.0
0.0 31.0 172.0 468.0 2964.0
0.0 159.0 104.0 173.0 1628.0
0.0 37.0 167.0 463.0 2915.0
0.0 193.0 60.0 221.0 1321.0
0.0 118.0 85.0 453.0 2084.0
0.0 101.0 115.0 364.0 2180.0
0.0 119.0 77.0 516.0 2094.0
0.0 166.0 106.0 161.0 1578.0
0.0 154.0 93.0 225.0 1656.0
0.0 173.0 83.0 190.0 1500.0
0.0 102.0 100.0 450.0 2207.0
0.0 20.0 175.0 521.0 3073.0
0.0 186.0 50.0 327.0 1424.0
0.0 274.0 30.0 97.0 566.0
0.0 17.0 166.0 611.0 3121.0
0.0 11.0 172.0 604.0 3196.0
0.0 274.0 34.0 97.0 553.0
0.0 20.0 172.0 523.0 3110.0
0.0 38.0 156.0 523.0 2883.0
0.0 157.0 90.0 228.0 1637.0
0.0 224.0 55.0 142.0 1002.0
0.0 114.0 135.0 225.0 2115.0
0.0 189.0 82.0 170.0 1408.0
0.0 162.0 100.0 188.0 1591.0
0.0 196.0 81.0 146.0 1301.0
0.0 31.0 177.0 419.0 2972.0
0.0 52.0 161.0 409.0 2791.0
0.0 220.0 46.0 179.0 1065.0
0.0 0.0 179.0 626.0 3323.0
0.0 144.0 66.0 432.0 1837.0
0.0 74.0 151.0 349.0 2576.0
0.0 33.0 162.0 542.0 2958.0
0.0 128.0 73.0 486.0 1996.0
0.0 18.0 171.0 570.0 3159.0
0.0 131.0 73.0 461.0 1971.0
0.0 218.0 41.0 217.0 1094.0
0.0 148.0 115.0 174.0 1780.0
0.0 256.0 37.0 115.0 696.0
0.0 175.0 79.0 209.0 1474.0
0.0 51.0 146.0 511.0 2776.0
0.0 179.0 78.0 193.0 1428.0
0.0 213.0 53.0 173.0 1141.0
0.0 106.0 82.0 580.0 2235.0
0.0 57.0 161.0 402.0 2701.0
0.0 278.0 26.0 114.0 499.0
0.0 44.0 172.0 371.0 2853.0
0.0 236.0 34.0 185.0 920.0
0.0 104.0 143.0 227.0 2245.0
0.0 144.0 81.0 327.0 1794.0
0.0 217.0 65.0 138.0 1052.0
0.0 127.0 119.0 228.0 1929.0
0.0 190.0 63.0 211.0 1357.0
0.0 127.0 93.0 430.0 1982.0
0.0 79.0 100.0 626.0 2510.0
0.0 40.0 166.0 444.0 2903.0
0.0 207.0 49.0 216.0 1190.0
0.0 46.0 157.0 463.0 2793.0
0.0 177.0 55.0 320.0 1509.0
0.0 26.0 158.0 588.0 3059.0
0.0 47.0 165.0 421.0 2824.0
0.0 271.0 34.0 99.0 570.0
0.0 178.0 78.0 199.0 1441.0
0.0 134.0 83.0 366.0 1939.0
0.0 238.0 60.0 101.0 887.0
0.0 113.0 86.0 469.0 2148.0
0.0 170.0 67.0 275.0 1561.0
0.0 84.0 156.0 254.0 2447.0
0.0 67.0 140.0 412.0 2537.0
0.0 88.0 134.0 339.0 2319.0
0.0 139.0 71.0 424.0 1872.0
0.0 94.0 148.0 251.0 2321.0
0.0 22.0 163.0 594.0 3095.0
0.0 94.0 126.0 345.0 2243.0
0.0 210.0 54.0 179.0 1164.0
0.0 136.0 115.0 208.0 1850.0
0.0 49.0 161.0 427.0 2786.0
0.0 119.0 109.0 304.0 2000.0
0.0 194.0 64.0 201.0 1297.0
0.0 89.0 121.0 443.0 2375.0
0.0 105.0 115.0 341.0 2138.0
0.0 19.0 167.0 581.0 3133.0
0.0 157.0 93.0 221.0 1636.0
0.0 187.0 54.0 276.0 1383.0
0.0 18.0 177.0 513.0 3100.0
0.0 100.0 87.0 570.0 2317.0
0.0 7.0 176.0 607.0 3253.0
0.0 247.0 33.0 180.0 807.0
0.0 118.0 97.0 438.0 2067.0
0.0 71.0 147.0 383.0 2550.0
0.0 225.0 47.0 162.0 1011.0
0.0 147.0 64.0 452.0 1811.0
0.0 84.0 117.0 454.0 2363.0
0.0 162.0 69.0 306.0 1616.0
0.0 164.0 59.0 363.0 1628.0
0.0 137.0 95.0 288.0 1833.0
0.0 219.0 50.0 167.0 1067.0
0.0 15.0 177.0 528.0 3150.0
0.0 120.0 135.0 202.0 2068.0
0.0 31.0 169.0 476.0 2966.0
0.0 200.0 78.0 142.0 1241.0
0.0 228.0 61.0 119.0 970.0
0.0 168.0 98.0 168.0 1538.0
0.0 108.0 124.0 285.0 2107.0
0.0 76.0 159.0 277.0 2536.0
0.0 23.0 179.0 457.0 3054.0
0.0 168.0 57.0 361.0 1591.0
0.0 115.0 83.0 486.0 2124.0
0.0 3.0 179.0 600.0 3288.0
0.0 171.0 64.0 282.0 1533.0
0.0 210.0 77.0 121.0 1131.0
0.0 135.0 116.0 208.0 1862.0
0.0 178.0 57.0 308.0 1473.0
0.0 108.0 143.0 213.0 2210.0
0.0 282.0 25.0 105.0 463.0
0.0 41.0 174.0 376.0 2881.0
0.0 78.0 101.0 626.0 2525.0
0.0 131.0 97.0 303.0 1890.0
0.0 178.0 66.0 248.0 1458.0
0.0 274.0 32.0 100.0 543.0
0.0 139.0 106.0 256.0 1863.0
0.0 165.0 66.0 310.0 1593.0
0.0 192.0 72.0 181.0 1286.0
0.0 39.0 140.0 626.0 2848.0
0.0 193.0 45.0 339.0 1373.0
0.0 109.0 81.0 561.0 2219.0
0.0 184.0 59.0 251.0 1417.0
0.0 86.0 133.0 346.0 2331.0
0.0 22.0 167.0 578.0 3095.0
0.0 67.0 149.0 394.0 2639.0
0.0 199.0 72.0 175.0 1267.0
0.0 137.0 84.0 347.0 1853.0
0.0 216.0 70.0 125.0 1098.0
0.0 128.0 132.0 187.0 2010.0
0.0 253.0 35.0 133.0 741.0
0.0 143.0 110.0 201.0 1781.0
0.0 183.0 54.0 301.0 1439.0
0.0 116.0 115.0 318.0 2130.0
0.0 232.0 41.0 193.0 944.0
0.0 83.0 138.0 339.0 2374.0
0.0 208.0 42.0 269.0 1201.0
0.0 164.0 87.0 212.0 1573.0
0.0 155.0 78.0 287.0 1679.0
0.0 283.0 24.0 104.0 456.0
0.0 48.0 171.0 352.0 2829.0
0.0 207.0 43.0 266.0 1205.0
0.0 275.0 27.0 103.0 553.0
0.0 34.0 150.0 597.0 2967.0
0.0 123.0 120.0 244.0 1962.0
0.0 252.0 38.0 146.0 737.0
0.0 214.0 53.0 175.0 1101.0
0.0 110.0 140.0 214.0 2172.0
0.0 191.0 71.0 179.0 1334.0
0.0 126.0 87.0 381.0 2014.0
0.0 131.0 131.0 183.0 1968.0
0.0 59.0 168.0 315.0 2703.0
0.0 27.0 179.0 434.0 3015.0
0.0 177.0 87.0 182.0 1452.0
0.0 276.0 26.0 111.0 516.0
0.0 136.0 67.0 491.0 1930.0
0.0 123.0 89.0 387.0 2022.0
0.0 201.0 78.0 144.0 1237.0
0.0 16.0 179.0 500.0 3127.0
0.0 75.0 120.0 497.0 2454.0
0.0 246.0 36.0 157.0 846.0
0.0 48.0 161.0 427.0 2789.0
0.0 45.0 141.0 579.0 2832.0
0.0 144.0 125.0 169.0 1850.0
0.0 110.0 109.0 348.0 2096.0
0.0 179.0 62.0 263.0 1455.0
0.0 195.0 80.0 148.0 1295.0
0.0 217.0 61.0 159.0 1068.0
0.0 126.0 114.0 277.0 1985.0
0.0 171.0 94.0 170.0 1505.0
0.0 53.0 137.0 557.0 2780.0
0.0 14.0 170.0 593.0 3158.0
0.0 17.0 177.0 519.0 3114.0
0.0 102.0 147.0 219.0 2272.0
0.0 195.0 54.0 237.0 1314.0
0.0 277.0 27.0 99.0 530.0
0.0 172.0 58.0 320.0 1547.0
0.0 19.0 177.0 510.0 3090.0
0.0 159.0 62.0 374.0 1667.0
0.0 149.0 107.0 191.0 1726.0
0.0 119.0 77.0 515.0 2097.0
0.0 233.0 52.0 127.0 922.0
0.0 148.0 66.0 406.0 1777.0
0.0 270.0 36.0 97.0 572.0
0.0 42.0 145.0 559.0 2791.0
0.0 78.0 151.0 331.0 2511.0
0.0 209.0 51.0 193.0 1184.0
0.0 24.0 159.0 608.0 3074.0
0.0 39.0 167.0 449.0 2899.0
0.0 251.0 40.0 117.0 757.0
0.0 54.0 168.0 335.0 2768.0
0.0 149.0 67.0 386.0 1773.0
0.0 71.0 147.0 382.0 2588.0
0.0 76.0 148.0 358.0 2526.0
0.0 64.0 165.0 306.0 2650.0
0.0 127.0 74.0 482.0 1991.0
0.0 116.0 118.0 279.0 2034.0
0.0 268.0 26.0 119.0 604.0
0.0 202.0 79.0 135.0 1197.0
0.0 273.0 28.0 104.0 570.0
0.0 44.0 155.0 489.0 2831.0
0.0 270.0 27.0 110.0 584.0
0.0 130.0 92.0 399.0 1944.0
0.0 177.0 94.0 154.0 1449.0
0.0 149.0 65.0 416.0 1789.0
0.0 46.0 172.0 359.0 2832.0
0.0 249.0 50.0 101.0 768.0
0.0 138.0 72.0 421.0 1866.0
0.0 102.0 112.0 377.0 2171.0
0.0 282.0 24.0 104.0 465.0
0.0 146.0 95.0 246.0 1743.0
0.0 31.0 166.0 506.0 2952.0
0.0 255.0 39.0 111.0 706.0
0.0 87.0 154.0 254.0 2406.0
0.0 46.0 173.0 356.0 2846.0
0.0 128.0 98.0 311.0 1922.0
0.0 100.0 147.0 225.0 2291.0
0.0 188.0 61.0 225.0 1370.0
0.0 34.0 172.0 451.0 2932.0
0.0 45.0 168.0 420.0 2839.0
0.0 58.0 164.0 333.0 2708.0
0.0 79.0 159.0 268.0 2495.0
0.0 69.0 151.0 386.0 2561.0
0.0 166.0 61.0 331.0 1605.0
0.0 195.0 51.0 262.0 1300.0
0.0 60.0 166.0 315.0 2692.0
0.0 230.0 50.0 159.0 943.0
0.0 12.0 176.0 562.0 3173.0
0.0 19.0 168.0 573.0 3109.0
0.0 126.0 129.0 208.0 2023.0
0.0 25.0 161.0 589.0 3067.0
0.0 182.0 95.0 147.0 1466.0
0.0 48.0 144.0 521.0 2714.0
0.0 115.0 83.0 477.0 2146.0
0.0 218.0 40.0 229.0 1096.0
0.0 222.0 56.0 166.0 1024.0
0.0 262.0 33.0 112.0 650.0
0.0 162.0 101.0 180.0 1579.0
0.0 195.0 82.0 142.0 1312.0
0.0 138.0 123.0 180.0 1891.0
0.0 8.0 179.0 566.0 3221.0
0.0 239.0 49.0 122.0 870.0
0.0 196.0 44.0 335.0 1342.0
0.0 263.0 34.0 107.0 643.0
0.0 14.0 169.0 610.0 3165.0
0.0 257.0 28.0 145.0 718.0
0.0 261.0 28.0 140.0 681.0
0.0 214.0 68.0 134.0 1107.0
0.0 27.0 173.0 487.0 3021.0
0.0 51.0 163.0 409.0 2790.0
0.0 196.0 75.0 161.0 1280.0
0.0 147.0 68.0 401.0 1783.0
0.0 152.0 121.0 155.0 1776.0
0.0 153.0 90.0 238.0 1678.0
0.0 113.0 81.0 522.0 2152.0
0.0 168.0 79.0 223.0 1544.0
0.0 194.0 46.0 319.0 1340.0
0.0 199.0 79.0 140.0 1271.0
0.0 196.0 59.0 201.0 1301.0
0.0 73.0 150.0 361.0 2510.0
0.0 191.0 52.0 275.0 1355.0
0.0 20.0 175.0 508.0 3096.0
0.0 64.0 166.0 302.0 2656.0
0.0 110.0 80.0 568.0 2192.0
0.0 105.0 101.0 423.0 2174.0
0.0 88.0 112.0 461.0 2320.0
0.0 213.0 67.0 135.0 1112.0
0.0 271.0 27.0 117.0 565.0
0.0 271.0 30.0 102.0 570.0
0.0 101.0 131.0 288.0 2196.0
0.0 142.0 108.0 216.0 1787.0
0.0 49.0 141.0 534.0 2720.0
0.0 68.0 151.0 387.0 2587.0
0.0 69.0 148.0 386.0 2563.0
0.0 234.0 58.0 111.0 920.0
0.0 243.0 32.0 168.0 855.0
0.0 103.0 127.0 292.0 2166.0
0.0 16.0 177.0 526.0 3125.0
0.0 225.0 53.0 146.0 984.0
0.0 102.0 100.0 445.0 2223.0
0.0 149.0 67.0 391.0 1753.0
0.0 92.0 108.0 459.0 2304.0
0.0 157.0 89.0 230.0 1630.0
0.0 3.0 176.0 626.0 3282.0
0.0 282.0 25.0 96.0 477.0
0.0 136.0 89.0 409.0 1871.0
0.0 128.0 112.0 277.0 1960.0
0.0 27.0 163.0 560.0 3028.0
0.0 13.0 174.0 577.0 3171.0
0.0 152.0 62.0 422.0 1754.0
0.0 52.0 171.0 337.0 2781.0
0.0 247.0 36.0 156.0 821.0
0.0 94.0 114.0 411.0 2261.0
0.0 72.0 152.0 359.0 2592.0
0.0 166.0 59.0 348.0 1610.0
0.0 70.0 136.0 424.0 2502.0
0.0 246.0 53.0 101.0 798.0
0.0 63.0 154.0 393.0 2648.0
0.0 282.0 25.0 100.0 468.0
0.0 165.0 108.0 157.0 1603.0
0.0 277.0 25.0 111.0 510.0
0.0 224.0 46.0 206.0 1033.0
0.0 206.0 48.0 225.0 1207.0
0.0 94.0 104.0 475.0 2283.0
0.0 26.0 164.0 560.0 3033.0
0.0 38.0 169.0 439.0 2920.0
0.0 33.0 159.0 569.0 2949.0
0.0 85.0 154.0 265.0 2412.0
0.0 60.0 127.0 584.0 2674.0
0.0 142.0 69.0 424.0 1830.0
0.0 161.0 84.0 233.0 1604.0
0.0 252.0 39.0 117.0 751.0
0.0 50.0 157.0 444.0 2783.0
0.0 20.0 166.0 584.0 3124.0
0.0 209.0 74.0 131.0 1179.0
0.0 231.0 64.0 110.0 948.0
0.0 53.0 155.0 439.0 2733.0
0.0 29.0 171.0 483.0 3020.0
0.0 200.0 60.0 188.0 1249.0
0.0 172.0 63.0 287.0 1527.0
0.0 144.0 78.0 345.0 1820.0
0.0 181.0 65.0 241.0 1449.0
0.0 198.0 52.0 237.0 1281.0
0.0 145.0 67.0 421.0 1803.0
0.0 11.0 172.0 608.0 3186.0
0.0 123.0 133.0 199.0 2025.0
0.0 272.0 29.0 110.0 552.0
0.0 199.0 76.0 150.0 1267.0
0.0 164.0 60.0 373.0 1614.0
0.0 260.0 39.0 101.0 667.0
0.0 96.0 117.0 377.0 2244.0
0.0 66.0 163.0 302.0 2636.0
0.0 260.0 29.0 151.0 683.0
0.0 266.0 36.0 121.0 610.0
0.0 204.0 59.0 180.0 1216.0
0.0 152.0 99.0 233.0 1750.0
0.0 242.0 47.0 133.0 851.0
0.0 147.0 89.0 266.0 1744.0
0.0 216.0 60.0 167.0 1075.0
0.0 183.0 96.0 140.0 1476.0
0.0 101.0 85.0 574.0 2307.0
0.0 189.0 56.0 254.0 1364.0
0.0 206.0 77.0 131.0 1215.0
0.0 235.0 46.0 138.0 907.0
0.0 154.0 65.0 382.0 1728.0
0.0 182.0 65.0 307.0 1414.0
0.0 228.0 37.0 199.0 1003.0
0.0 93.0 89.0 603.0 2389.0
0.0 224.0 49.0 158.0 1015.0
0.0 200.0 51.0 229.0 1271.0
0.0 75.0 135.0 401.0 2437.0
0.0 43.0 165.0 438.0 2862.0
0.0 209.0 64.0 172.0 1170.0
0.0 145.0 107.0 209.0 1756.0
0.0 105.0 117.0 333.0 2134.0
0.0 142.0 121.0 174.0 1849.0
0.0 8.0 176.0 602.0 3236.0
0.0 112.0 95.0 416.0 2128.0
0.0 30.0 177.0 424.0 2983.0
0.0 29.0 155.0 601.0 3020.0
0.0 234.0 39.0 163.0 935.0
0.0 228.0 38.0 196.0 996.0
0.0 259.0 36.0 112.0 673.0
0.0 193.0 62.0 202.0 1325.0
0.0 214.0 56.0 163.0 1108.0
0.0 125.0 73.0 499.0 2052.0
0.0 184.0 93.0 147.0 1439.0
0.0 269.0 31.0 104.0 589.0
0.0 219.0 62.0 136.0 1038.0
0.0 77.0 160.0 274.0 2507.0
0.0 214.0 69.0 158.0 1094.0
0.0 179.0 55.0 310.0 1473.0
0.0 164.0 72.0 269.0 1607.0
0.0 36.0 176.0 396.0 2933.0
0.0 222.0 69.0 115.0 1035.0
0.0 125.0 114.0 280.0 1995.0
0.0 75.0 146.0 372.0 2526.0
0.0 242.0 41.0 150.0 865.0
0.0 24.0 174.0 502.0 3026.0
0.0 114.0 127.0 249.0 2055.0
0.0 258.0 27.0 149.0 712.0
0.0 125.0 74.0 497.0 2018.0
0.0 66.0 127.0 512.0 2553.0
0.0 27.0 177.0 440.0 3014.0
0.0 156.0 102.0 194.0 1651.0
0.0 77.0 135.0 388.0 2426.0
0.0 156.0 61.0 411.0 1707.0
0.0 241.0 42.0 133.0 859.0
0.0 244.0 44.0 126.0 810.0
0.0 15.0 176.0 544.0 3131.0
0.0 152.0 111.0 175.0 1712.0
0.0 107.0 129.0 267.0 2132.0
0.0 209.0 45.0 231.0 1182.0
0.0 36.0 168.0 458.0 2936.0
0.0 131.0 108.0 281.0 1964.0
0.0 23.0 168.0 563.0 3074.0
0.0 205.0 73.0 149.0 1164.0
0.0 133.0 110.0 268.0 1959.0
0.0 211.0 64.0 170.0 1115.0
0.0 196.0 86.0 135.0 1290.0
0.0 226.0 51.0 146.0 995.0
0.0 212.0 57.0 167.0 1121.0
0.0 70.0 163.0 285.0 2602.0
0.0 142.0 66.0 446.0 1867.0
0.0 91.0 110.0 452.0 2301.0
0.0 185.0 78.0 174.0 1387.0
0.0 35.0 169.0 456.0 2956.0
0.0 178.0 92.0 157.0 1453.0
0.0 245.0 36.0 163.0 859.0
0.0 138.0 71.0 433.0 1882.0
0.0 151.0 112.0 173.0 1730.0
0.0 77.0 160.0 271.0 2526.0
0.0 174.0 90.0 170.0 1488.0
0.0 21.0 173.0 516.0 3082.0
0.0 156.0 64.0 377.0 1691.0
0.0 217.0 41.0 224.0 1102.0
0.0 177.0 65.0 250.0 1476.0
0.0 223.0 40.0 203.0 1042.0
0.0 280.0 24.0 103.0 493.0
0.0 209.0 77.0 125.0 1173.0
0.0 147.0 66.0 415.0 1791.0
0.0 269.0 32.0 104.0 584.0
0.0 131.0 102.0 283.0 1885.0
0.0 187.0 52.0 295.0 1409.0
0.0 250.0 41.0 132.0 755.0
0.0 99.0 105.0 437.0 2232.0
0.0 199.0 60.0 196.0 1259.0
0.0 27.0 163.0 577.0 3020.0
0.0 151.0 63.0 419.0 1759.0
0.0 124.0 129.0 209.0 2001.0
0.0 145.0 94.0 259.0 1752.0
0.0 33.0 173.0 448.0 2972.0
0.0 107.0 125.0 283.0 2122.0
0.0 164.0 60.0 358.0 1626.0
0.0 143.0 90.0 279.0 1784.0
0.0 37.0 163.0 489.0 2925.0
0.0 120.0 93.0 378.0 2056.0
0.0 24.0 173.0 505.0 3031.0
0.0 253.0 44.0 108.0 759.0
0.0 214.0 43.0 224.0 1133.0
0.0 184.0 84.0 167.0 1381.0
0.0 231.0 33.0 227.0 983.0
0.0 200.0 77.0 145.0 1257.0
0.0 227.0 56.0 134.0 954.0
0.0 134.0 90.0 371.0 1916.0
0.0 283.0 24.0 101.0 464.0
0.0 161.0 100.0 178.0 1612.0
0.0 161.0 96.0 204.0 1676.0
0.0 232.0 46.0 146.0 932.0
0.0 51.0 152.0 505.0 2802.0
0.0 35.0 158.0 527.0 2935.0
0.0 275.0 31.0 104.0 535.0
0.0 115.0 116.0 318.0 2137.0
0.0 13.0 172.0 593.0 3169.0
0.0 21.0 178.0 492.0 3092.0
0.0 279.0 25.0 99.0 522.0
0.0 198.0 54.0 223.0 1288.0
0.0 159.0 97.0 210.0 1671.0
0.0 10.0 177.0 563.0 3195.0
0.0 177.0 55.0 328.0 1506.0
0.0 99.0 85.0 595.0 2323.0
0.0 247.0 51.0 101.0 797.0
0.0 201.0 43.0 316.0 1300.0
0.0 216.0 46.0 193.0 1110.0
0.0 116.0 105.0 339.0 2049.0
0.0 272.0 29.0 103.0 585.0
0.0 204.0 70.0 175.0 1204.0
0.0 50.0 170.0 352.0 2787.0
0.0 82.0 144.0 347.0 2504.0
0.0 153.0 111.0 176.0 1695.0
0.0 152.0 65.0 395.0 1726.0
0.0 178.0 63.0 256.0 1465.0
0.0 271.0 25.0 120.0 562.0
0.0 221.0 52.0 183.0 1041.0
0.0 35.0 176.0 401.0 2939.0
0.0 190.0 54.0 260.0 1354.0
0.0 38.0 162.0 487.0 2882.0
0.0 167.0 78.0 288.0 1576.0
0.0 240.0 42.0 135.0 871.0
0.0 21.0 179.0 467.0 3084.0
0.0 126.0 131.0 190.0 2007.0
0.0 64.0 156.0 382.0 2632.0
0.0 160.0 89.0 216.0 1607.0
0.0 55.0 156.0 418.0 2704.0
0.0 169.0 60.0 326.0 1567.0
0.0 194.0 56.0 232.0 1330.0
0.0 210.0 51.0 253.0 1160.0
0.0 198.0 53.0 228.0 1288.0
0.0 24.0 169.0 523.0 3036.0
0.0 160.0 102.0 181.0 1619.0
0.0 120.0 121.0 246.0 1998.0
0.0 32.0 174.0 459.0 2969.0
0.0 247.0 52.0 101.0 788.0
0.0 153.0 90.0 245.0 1671.0
0.0 126.0 128.0 212.0 2000.0
0.0 39.0 148.0 558.0 2823.0
0.0 236.0 61.0 103.0 904.0
0.0 28.0 172.0 489.0 3018.0
0.0 14.0 173.0 577.0 3158.0
0.0 275.0 32.0 101.0 532.0
0.0 12.0 169.0 614.0 3183.0
0.0 176.0 56.0 326.0 1493.0
0.0 224.0 47.0 217.0 1028.0
0.0 63.0 116.0 626.0 2620.0
0.0 62.0 127.0 541.0 2602.0
0.0 93.0 151.0 239.0 2345.0
0.0 266.0 38.0 98.0 626.0
0.0 271.0 34.0 112.0 560.0
0.0 98.0 147.0 235.0 2295.0
0.0 212.0 74.0 123.0 1109.0
0.0 114.0 139.0 206.0 2141.0
0.0 236.0 36.0 173.0 913.0
0.0 47.0 155.0 479.0 2840.0
0.0 115.0 106.0 339.0 2057.0
0.0 121.0 92.0 382.0 2054.0
0.0 187.0 68.0 204.0 1375.0
0.0 25.0 161.0 591.0 3055.0
0.0 219.0 52.0 160.0 1067.0
0.0 63.0 155.0 383.0 2655.0
0.0 95.0 102.0 482.0 2292.0
0.0 163.0 59.0 378.0 1628.0
0.0 64.0 154.0 388.0 2642.0
0.0 254.0 33.0 142.0 740.0
0.0 74.0 122.0 489.0 2456.0
0.0 37.0 167.0 458.0 2926.0
0.0 21.0 168.0 573.0 3087.0
0.0 203.0 57.0 191.0 1220.0
0.0 242.0 41.0 158.0 845.0
0.0 206.0 70.0 170.0 1192.0
0.0 106.0 122.0 308.0 2137.0
0.0 117.0 138.0 202.0 2113.0
0.0 237.0 52.0 119.0 878.0
0.0 214.0 61.0 170.0 1094.0
0.0 78.0 157.0 272.0 2515.0
0.0 259.0 36.0 109.0 681.0
0.0 109.0 143.0 213.0 2205.0
0.0 270.0 27.0 122.0 582.0
0.0 136.0 98.0 283.0 1839.0
0.0 38.0 170.0 441.0 2879.0
0.0 121.0 105.0 311.0 1987.0
0.0 210.0 72.0 134.0 1146.0
0.0 66.0 157.0 359.0 2659.0
0.0 174.0 77.0 217.0 1500.0
0.0 187.0 90.0 145.0 1379.0
0.0 107.0 139.0 264.0 2223.0
0.0 165.0 63.0 328.0 1615.0
0.0 123.0 74.0 511.0 2048.0
0.0 68.0 129.0 485.0 2517.0
0.0 69.0 161.0 298.0 2597.0
0.0 53.0 158.0 423.0 2745.0
0.0 63.0 140.0 442.0 2575.0
0.0 261.0 29.0 136.0 684.0
0.0 153.0 100.0 205.0 1683.0
0.0 18.0 167.0 582.0 3125.0
0.0 109.0 142.0 215.0 2184.0
0.0 189.0 87.0 151.0 1341.0
0.0 126.0 106.0 284.0 1937.0
0.0 13.0 173.0 580.0 3172.0
0.0 229.0 45.0 155.0 987.0
0.0 86.0 126.0 409.0 2397.0
0.0 228.0 55.0 143.0 982.0
0.0 198.0 50.0 256.0 1281.0
0.0 246.0 39.0 155.0 818.0
0.0 4.0 179.0 592.0 3269.0
0.0 101.0 85.0 578.0 2298.0
0.0 219.0 70.0 120.0 1032.0
0.0 239.0 43.0 154.0 878.0
0.0 108.0 110.0 360.0 2108.0
0.0 151.0 65.0 402.0 1758.0
0.0 273.0 27.0 112.0 547.0
0.0 113.0 99.0 383.0 2107.0
0.0 230.0 67.0 103.0 988.0
0.0 22.0 179.0 462.0 3069.0
0.0 182.0 59.0 260.0 1440.0
0.0 184.0 67.0 218.0 1403.0
0.0 218.0 60.0 162.0 1073.0
0.0 8.0 175.0 607.0 3238.0
0.0 85.0 155.0 254.0 2439.0
0.0 101.0 112.0 382.0 2184.0
0.0 90.0 153.0 246.0 2377.0
0.0 222.0 67.0 119.0 1031.0
0.0 37.0 169.0 456.0 2898.0
0.0 150.0 107.0 192.0 1712.0
0.0 47.0 165.0 425.0 2821.0
0.0 143.0 105.0 243.0 1826.0
0.0 31.0 170.0 475.0 2972.0
0.0 158.0 103.0 178.0 1644.0
0.0 280.0 29.0 96.0 488.0
0.0 8.0 179.0 558.0 3231.0
0.0 15.0 173.0 586.0 3147.0
0.0 111.0 108.0 348.0 2089.0
0.0 260.0 30.0 139.0 679.0
0.0 265.0 30.0 115.0 633.0
0.0 98.0 146.0 243.0 2307.0
0.0 201.0 57.0 270.0 1252.0
0.0 235.0 53.0 123.0 891.0
0.0 128.0 85.0 385.0 1968.0
0.0 188.0 86.0 172.0 1375.0
0.0 194.0 77.0 155.0 1297.0
0.0 49.0 158.0 448.0 2791.0
0.0 188.0 89.0 142.0 1406.0
0.0 143.0 68.0 418.0 1833.0
0.0 92.0 129.0 338.0 2262.0
0.0 183.0 62.0 240.0 1427.0
0.0 212.0 59.0 162.0 1138.0
0.0 232.0 55.0 131.0 926.0
0.0 35.0 155.0 569.0 2981.0
0.0 210.0 43.0 247.0 1179.0
0.0 149.0 86.0 272.0 1731.0
0.0 37.0 156.0 546.0 2944.0
0.0 267.0 34.0 122.0 598.0
0.0 283.0 24.0 98.0 473.0
0.0 262.0 35.0 107.0 649.0
0.0 36.0 169.0 450.0 2944.0
0.0 229.0 64.0 109.0 974.0
0.0 161.0 66.0 334.0 1655.0
0.0 62.0 152.0 399.0 2654.0
0.0 148.0 111.0 194.0 1753.0
0.0 252.0 35.0 142.0 759.0
0.0 201.0 71.0 165.0 1241.0
0.0 28.0 172.0 499.0 2998.0
0.0 253.0 33.0 160.0 744.0
0.0 246.0 29.0 178.0 836.0
0.0 95.0 88.0 598.0 2361.0
0.0 111.0 110.0 336.0 2084.0
0.0 204.0 72.0 162.0 1248.0
0.0 277.0 24.0 112.0 508.0
0.0 9.0 179.0 560.0 3206.0
0.0 130.0 128.0 187.0 1960.0
0.0 143.0 94.0 264.0 1765.0
0.0 230.0 62.0 115.0 951.0
0.0 111.0 124.0 275.0 2078.0
0.0 269.0 27.0 113.0 590.0
0.0 65.0 161.0 313.0 2631.0
0.0 136.0 114.0 215.0 1843.0
0.0 121.0 77.0 501.0 2067.0
0.0 74.0 152.0 344.0 2556.0
0.0 66.0 152.0 379.0 2622.0
0.0 174.0 69.0 247.0 1513.0
0.0 219.0 51.0 166.0 1063.0
0.0 30.0 162.0 579.0 2977.0
0.0 21.0 175.0 504.0 3072.0
0.0 238.0 30.0 212.0 916.0
0.0 107.0 127.0 277.0 2117.0
0.0 119.0 135.0 207.0 2073.0
0.0 66.0 158.0 357.0 2660.0
0.0 217.0 47.0 186.0 1094.0
0.0 266.0 29.0 137.0 615.0
0.0 17.0 174.0 537.0 3107.0
0.0 134.0 68.0 492.0 1947.0
0.0 231.0 41.0 197.0 955.0
0.0 71.0 151.0 374.0 2566.0
0.0 261.0 35.0 110.0 651.0
0.0 92.0 152.0 240.0 2365.0
0.0 274.0 25.0 107.0 554.0
0.0 148.0 77.0 321.0 1781.0
0.0 185.0 53.0 297.0 1415.0
0.0 84.0 134.0 352.0 2350.0
0.0 117.0 137.0 199.0 2123.0
0.0 178.0 92.0 165.0 1437.0
0.0 132.0 71.0 490.0 1956.0
0.0 129.0 128.0 197.0 1992.0
0.0 91.0 91.0 607.0 2408.0
0.0 225.0 45.0 207.0 1024.0
0.0 114.0 119.0 314.0 2129.0
0.0 275.0 31.0 106.0 523.0
0.0 155.0 63.0 388.0 1719.0
0.0 144.0 89.0 281.0 1762.0
0.0 215.0 67.0 134.0 1076.0
0.0 25.0 163.0 578.0 3056.0
0.0 148.0 107.0 208.0 1728.0
0.0 244.0 37.0 170.0 837.0
0.0 230.0 57.0 130.0 962.0
0.0 89.0 111.0 461.0 2313.0
0.0 225.0 55.0 139.0 993.0
0.0 101.0 144.0 240.0 2268.0
0.0 210.0 42.0 262.0 1186.0
0.0 119.0 125.0 237.0 2004.0
0.0 242.0 39.0 150.0 876.0
0.0 54.0 159.0 409.0 2763.0
0.0 137.0 71.0 430.0 1891.0
0.0 222.0 52.0 155.0 1044.0
0.0 197.0 53.0 233.0 1287.0
0.0 25.0 177.0 475.0 3040.0
0.0 191.0 90.0 133.0 1348.0
0.0 130.0 91.0 408.0 1965.0
0.0 206.0 59.0 209.0 1187.0
0.0 136.0 108.0 263.0 1906.0
0.0 174.0 82.0 190.0 1493.0
0.0 104.0 110.0 376.0 2163.0
0.0 137.0 124.0 181.0 1892.0
0.0 171.0 67.0 270.0 1523.0
0.0 219.0 73.0 111.0 1090.0
0.0 10.0 172.0 606.0 3228.0
0.0 115.0 136.0 218.0 2134.0
0.0 279.0 28.0 109.0 492.0
0.0 96.0 88.0 586.0 2357.0
0.0 120.0 87.0 422.0 2063.0
0.0 39.0 164.0 461.0 2888.0
0.0 93.0 153.0 237.0 2363.0
0.0 100.0 86.0 572.0 2312.0
0.0 54.0 125.0 626.0 2689.0
0.0 210.0 48.0 209.0 1161.0
0.0 208.0 49.0 213.0 1177.0
0.0 209.0 43.0 254.0 1184.0
0.0 274.0 28.0 101.0 561.0
0.0 118.0 80.0 502.0 2104.0
0.0 146.0 117.0 177.0 1777.0
0.0 153.0 116.0 159.0 1750.0
0.0 80.0 99.0 626.0 2514.0
0.0 231.0 62.0 109.0 954.0
0.0 186.0 74.0 218.0 1384.0
0.0 75.0 122.0 480.0 2455.0
0.0 106.0 125.0 288.0 2133.0
0.0 281.0 24.0 106.0 469.0
0.0 36.0 173.0 433.0 2922.0
0.0 102.0 129.0 290.0 2169.0
0.0 180.0 73.0 201.0 1448.0
0.0 200.0 61.0 182.0 1277.0
0.0 152.0 82.0 275.0 1709.0
0.0 20.0 177.0 504.0 3085.0
0.0 282.0 25.0 98.0 472.0
0.0 111.0 103.0 443.0 2127.0
0.0 153.0 80.0 281.0 1694.0
0.0 18.0 172.0 563.0 3128.0
0.0 198.0 55.0 224.0 1263.0
0.0 74.0 146.0 383.0 2513.0
0.0 229.0 63.0 115.0 948.0
0.0 105.0 144.0 221.0 2234.0
0.0 118.0 87.0 434.0 2076.0
0.0 194.0 53.0 246.0 1321.0
0.0 25.0 162.0 577.0 3088.0
0.0 222.0 59.0 140.0 1000.0
0.0 115.0 77.0 545.0 2153.0
0.0 62.0 156.0 388.0 2682.0
0.0 131.0 87.0 353.0 1942.0
0.0 220.0 42.0 200.0 1074.0
0.0 111.0 96.0 416.0 2134.0
0.0 279.0 24.0 103.0 505.0
0.0 171.0 87.0 196.0 1512.0
0.0 40.0 175.0 378.0 2892.0
0.0 44.0 162.0 445.0 2872.0
0.0 146.0 67.0 415.0 1805.0
0.0 137.0 68.0 470.0 1904.0
0.0 73.0 151.0 358.0 2510.0
0.0 72.0 161.0 284.0 2582.0
0.0 81.0 148.0 347.0 2458.0
0.0 208.0 72.0 135.0 1155.0
0.0 143.0 101.0 257.0 1814.0
0.0 200.0 53.0 220.0 1262.0
0.0 122.0 131.0 209.0 2027.0
0.0 275.0 24.0 118.0 528.0
0.0 20.0 166.0 587.0 3109.0
0.0 206.0 73.0 145.0 1159.0
0.0 11.0 175.0 573.0 3191.0
0.0 161.0 62.0 353.0 1658.0
0.0 180.0 77.0 229.0 1430.0
0.0 16.0 176.0 528.0 3134.0
0.0 108.0 79.0 586.0 2225.0
0.0 190.0 60.0 227.0 1346.0
0.0 119.0 102.0 339.0 2007.0
0.0 253.0 41.0 111.0 722.0
0.0 99.0 104.0 438.0 2234.0
0.0 8.0 179.0 567.0 3217.0
0.0 10.0 179.0 542.0 3208.0
0.0 111.0 122.0 281.0 2076.0
0.0 57.0 159.0 401.0 2722.0
0.0 123.0 98.0 342.0 1973.0
0.0 76.0 118.0 501.0 2464.0
0.0 148.0 83.0 296.0 1734.0
0.0 159.0 64.0 353.0 1662.0
0.0 224.0 70.0 109.0 1050.0
0.0 134.0 112.0 234.0 1865.0
0.0 267.0 33.0 104.0 614.0
0.0 152.0 65.0 388.0 1736.0
0.0 123.0 108.0 291.0 1968.0
0.0 273.0 28.0 108.0 552.0
0.0 71.0 108.0 626.0 2570.0
0.0 216.0 62.0 146.0 1069.0
0.0 202.0 45.0 278.0 1263.0
0.0 250.0 37.0 137.0 769.0
0.0 127.0 73.0 493.0 2010.0
0.0 24.0 164.0 578.0 3063.0
0.0 277.0 29.0 96.0 531.0
0.0 108.0 85.0 519.0 2216.0
0.0 235.0 60.0 109.0 924.0
0.0 179.0 60.0 274.0 1464.0
0.0 221.0 58.0 142.0 1028.0
0.0 154.0 84.0 258.0 1678.0
0.0 213.0 72.0 133.0 1138.0
0.0 279.0 25.0 107.0 501.0
0.0 225.0 58.0 134.0 970.0
0.0 129.0 92.0 424.0 1946.0
0.0 239.0 36.0 164.0 881.0
0.0 62.0 157.0 385.0 2643.0
0.0 205.0 83.0 119.0 1188.0
0.0 163.0 84.0 224.0 1588.0
0.0 209.0 66.0 165.0 1169.0
0.0 65.0 154.0 385.0 2603.0
0.0 35.0 150.0 595.0 2935.0
0.0 126.0 120.0 228.0 1938.0
0.0 109.0 141.0 214.0 2187.0
0.0 122.0 135.0 195.0 2065.0
0.0 202.0 56.0 196.0 1240.0
0.0 85.0 153.0 259.0 2440.0
0.0 139.0 119.0 198.0 1856.0
0.0 178.0 55.0 320.0 1481.0
0.0 131.0 88.0 356.0 1920.0
0.0 133.0 78.0 412.0 1913.0
0.0 233.0 44.0 149.0 933.0
0.0 267.0 28.0 125.0 606.0
0.0 275.0 27.0 102.0 554.0
0.0 160.0 92.0 213.0 1614.0
0.0 82.0 156.0 260.0 2475.0
0.0 226.0 43.0 173.0 1000.0
0.0 243.0 47.0 126.0 832.0
0.0 245.0 53.0 103.0 799.0
0.0 41.0 167.0 437.0 2891.0
0.0 146.0 94.0 255.0 1738.0
0.0 154.0 65.0 376.0 1734.0
0.0 133.0 107.0 278.0 1901.0
0.0 215.0 48.0 187.0 1119.0
0.0 253.0 38.0 135.0 713.0
0.0 118.0 137.0 204.0 2093.0
0.0 242.0 36.0 186.0 864.0
0.0 136.0 91.0 311.0 1854.0
0.0 28.0 156.0 601.0 3032.0
0.0 272.0 27.0 115.0 556.0
0.0 213.0 65.0 146.0 1100.0
0.0 20.0 176.0 506.0 3114.0
0.0 179.0 57.0 297.0 1459.0
0.0 49.0 130.0 626.0 2752.0
0.0 220.0 63.0 136.0 1027.0
0.0 195.0 52.0 249.0 1309.0
0.0 170.0 72.0 250.0 1564.0
0.0 74.0 162.0 276.0 2551.0
0.0 79.0 116.0 496.0 2415.0
0.0 193.0 81.0 150.0 1318.0
0.0 45.0 165.0 428.0 2841.0
0.0 25.0 175.0 483.0 3045.0
0.0 46.0 172.0 357.0 2842.0
0.0 177.0 54.0 334.0 1508.0
0.0 116.0 94.0 397.0 2078.0
0.0 271.0 33.0 116.0 561.0
0.0 205.0 76.0 133.0 1189.0
0.0 260.0 35.0 118.0 658.0
0.0 182.0 71.0 210.0 1413.0
0.0 226.0 52.0 146.0 980.0
0.0 126.0 98.0 323.0 1943.0
0.0 31.0 155.0 573.0 3011.0
0.0 240.0 49.0 126.0 867.0
0.0 33.0 162.0 546.0 2955.0
0.0 112.0 107.0 349.0 2070.0
0.0 219.0 46.0 182.0 1078.0
0.0 120.0 136.0 199.0 2069.0
0.0 73.0 152.0 349.0 2571.0
0.0 53.0 170.0 336.0 2756.0
0.0 110.0 97.0 416.0 2138.0
0.0 266.0 31.0 111.0 632.0
0.0 34.0 177.0 405.0 2945.0
0.0 12.0 179.0 529.0 3177.0
0.0 232.0 61.0 111.0 938.0
0.0 249.0 43.0 115.0 773.0
0.0 24.0 156.0 619.0 3045.0
0.0 252.0 46.0 106.0 762.0
0.0 67.0 151.0 389.0 2609.0
0.0 80.0 149.0 331.0 2485.0
0.0 60.0 157.0 387.0 2682.0
0.0 30.0 170.0 476.0 2981.0
0.0 156.0 106.0 188.0 1663.0
0.0 145.0 84.0 351.0 1784.0
0.0 267.0 33.0 106.0 605.0
0.0 50.0 159.0 438.0 2778.0
0.0 154.0 103.0 193.0 1664.0
0.0 194.0 83.0 142.0 1324.0
0.0 55.0 130.0 575.0 2664.0
0.0 103.0 146.0 219.0 2257.0
0.0 90.0 128.0 357.0 2285.0
0.0 254.0 35.0 135.0 737.0
0.0 40.0 154.0 554.0 2897.0
0.0 137.0 91.0 303.0 1845.0
0.0 265.0 34.0 103.0 626.0
0.0 113.0 100.0 439.0 2106.0
0.0 195.0 87.0 131.0 1281.0
0.0 100.0 115.0 369.0 2192.0
0.0 237.0 44.0 137.0 895.0
0.0 201.0 82.0 132.0 1251.0
0.0 52.0 138.0 566.0 2730.0
0.0 101.0 111.0 388.0 2188.0
0.0 138.0 72.0 417.0 1881.0
0.0 31.0 164.0 533.0 2991.0
0.0 186.0 92.0 140.0 1445.0
0.0 240.0 31.0 189.0 886.0
0.0 150.0 113.0 172.0 1739.0
0.0 236.0 59.0 110.0 899.0
0.0 87.0 93.0 617.0 2442.0
0.0 204.0 67.0 191.0 1185.0
0.0 129.0 73.0 474.0 1983.0
0.0 201.0 86.0 123.0 1291.0
0.0 53.0 137.0 559.0 2751.0
0.0 172.0 94.0 174.0 1491.0
0.0 253.0 37.0 129.0 744.0
0.0 224.0 59.0 134.0 978.0
0.0 198.0 89.0 123.0 1336.0
0.0 205.0 54.0 192.0 1219.0
0.0 158.0 101.0 194.0 1649.0
0.0 212.0 43.0 242.0 1156.0
0.0 245.0 34.0 192.0 830.0
0.0 242.0 50.0 115.0 828.0
0.0 269.0 35.0 97.0 603.0
0.0 142.0 104.0 252.0 1842.0
0.0 45.0 144.0 542.0 2766.0
0.0 61.0 157.0 383.0 2673.0
0.0 128.0 71.0 500.0 2017.0
0.0 123.0 136.0 192.0 2065.0
0.0 141.0 122.0 180.0 1835.0
0.0 20.0 175.0 513.0 3081.0
0.0 150.0 105.0 208.0 1706.0
0.0 260.0 37.0 114.0 666.0
0.0 45.0 172.0 366.0 2854.0
0.0 188.0 65.0 208.0 1374.0
0.0 75.0 158.0 285.0 2533.0
0.0 220.0 69.0 120.0 1023.0
0.0 145.0 114.0 192.0 1782.0
0.0 28.0 173.0 483.0 3002.0
0.0 119.0 136.0 197.0 2094.0
0.0 48.0 163.0 423.0 2807.0
0.0 116.0 109.0 320.0 2025.0
0.0 182.0 54.0 306.0 1454.0
0.0 184.0 70.0 206.0 1393.0
0.0 174.0 79.0 201.0 1488.0
0.0 49.0 170.0 349.0 2814.0
0.0 29.0 177.0 429.0 2996.0
0.0 176.0 79.0 198.0 1460.0
0.0 110.0 124.0 279.0 2087.0
0.0 213.0 47.0 200.0 1139.0
0.0 68.0 141.0 404.0 2531.0
0.0 91.0 130.0 338.0 2272.0
0.0 110.0 126.0 266.0 2091.0
0.0 151.0 121.0 157.0 1783.0
0.0 27.0 156.0 594.0 3045.0
0.0 22.0 172.0 522.0 3064.0
0.0 230.0 44.0 155.0 966.0
0.0 41.0 153.0 553.0 2895.0
0.0 282.0 24.0 101.0 471.0
0.0 24.0 166.0 579.0 3056.0
0.0 163.0 103.0 166.0 1597.0
0.0 171.0 77.0 266.0 1532.0
0.0 264.0 33.0 110.0 629.0
0.0 42.0 166.0 439.0 2868.0
0.0 264.0 39.0 100.0 641.0
0.0 171.0 84.0 201.0 1511.0
0.0 233.0 42.0 157.0 942.0
0.0 176.0 76.0 207.0 1472.0
0.0 67.0 152.0 387.0 2601.0
0.0 192.0 73.0 168.0 1320.0
0.0 226.0 50.0 149.0 986.0
0.0 165.0 83.0 219.0 1567.0
0.0 128.0 111.0 281.0 1954.0
0.0 196.0 68.0 175.0 1271.0
0.0 220.0 41.0 212.0 1074.0
0.0 68.0 166.0 288.0 2616.0
0.0 180.0 75.0 199.0 1447.0
0.0 162.0 83.0 233.0 1596.0
0.0 95.0 151.0 232.0 2331.0
0.0 67.0 124.0 527.0 2539.0
0.0 92.0 151.0 248.0 2364.0
0.0 239.0 59.0 101.0 876.0
0.0 225.0 42.0 180.0 1025.0
0.0 243.0 40.0 152.0 841.0
0.0 281.0 27.0 98.0 476.0
0.0 55.0 147.0 471.0 2723.0
0.0 145.0 80.0 318.0 1805.0
0.0 15.0 176.0 540.0 3139.0
0.0 130.0 92.0 415.0 1940.0
0.0 154.0 79.0 287.0 1685.0
0.0 220.0 57.0 169.0 1035.0
0.0 240.0 58.0 105.0 864.0
0.0 160.0 98.0 194.0 1612.0
0.0 20.0 173.0 522.0 3091.0
0.0 141.0 68.0 441.0 1847.0
0.0 53.0 153.0 453.0 2770.0
0.0 274.0 27.0 106.0 544.0
0.0 165.0 102.0 162.0 1569.0
0.0 164.0 66.0 315.0 1606.0
0.0 16.0 169.0 600.0 3142.0
0.0 239.0 56.0 109.0 858.0
0.0 198.0 85.0 131.0 1327.0
0.0 159.0 105.0 178.0 1620.0
0.0 272.0 24.0 124.0 560.0
0.0 8.0 178.0 569.0 3220.0
0.0 89.0 153.0 247.0 2394.0
0.0 45.0 148.0 511.0 2762.0
0.0 41.0 162.0 467.0 2867.0
0.0 57.0 139.0 525.0 2729.0
0.0 180.0 96.0 146.0 1507.0
0.0 155.0 76.0 294.0 1679.0
0.0 121.0 106.0 307.0 1979.0
0.0 37.0 175.0 393.0 2911.0
0.0 88.0 152.0 260.0 2387.0
0.0 220.0 61.0 164.0 1028.0
0.0 10.0 178.0 553.0 3218.0
0.0 204.0 49.0 229.0 1221.0
0.0 259.0 34.0 115.0 677.0
0.0 12.0 178.0 546.0 3164.0
0.0 28.0 161.0 570.0 3046.0
0.0 42.0 174.0 371.0 2875.0
0.0 21.0 177.0 499.0 3079.0
0.0 196.0 83.0 144.0 1305.0
0.0 212.0 52.0 241.0 1149.0
0.0 26.0 174.0 491.0 3026.0
0.0 238.0 35.0 172.0 889.0
0.0 14.0 176.0 544.0 3154.0
0.0 187.0 67.0 278.0 1377.0
0.0 207.0 64.0 157.0 1186.0
0.0 202.0 66.0 167.0 1226.0
0.0 236.0 48.0 161.0 894.0
0.0 192.0 85.0 142.0 1350.0
0.0 136.0 112.0 222.0 1840.0
0.0 141.0 83.0 325.0 1830.0
0.0 75.0 147.0 368.0 2531.0
0.0 273.0 25.0 109.0 567.0
0.0 130.0 127.0 203.0 1978.0
0.0 234.0 58.0 113.0 919.0
0.0 150.0 100.0 212.0 1705.0
0.0 216.0 40.0 240.0 1124.0
0.0 185.0 57.0 263.0 1406.0
0.0 257.0 36.0 115.0 689.0
0.0 199.0 80.0 144.0 1263.0
0.0 47.0 163.0 430.0 2830.0
0.0 197.0 82.0 137.0 1261.0
0.0 116.0 75.0 560.0 2134.0
0.0 216.0 41.0 229.0 1117.0
0.0 112.0 81.0 529.0 2165.0
0.0 64.0 159.0 361.0 2681.0
0.0 10.0 177.0 560.0 3209.0
0.0 233.0 64.0 103.0 945.0
0.0 256.0 27.0 157.0 717.0
0.0 244.0 40.0 150.0 830.0
0.0 81.0 115.0 489.0 2396.0
0.0 184.0 88.0 153.0 1385.0
0.0 117.0 123.0 251.0 2019.0
0.0 94.0 95.0 542.0 2357.0
0.0 203.0 43.0 291.0 1254.0
0.0 229.0 59.0 122.0 939.0
0.0 111.0 113.0 322.0 2081.0
0.0 206.0 58.0 174.0 1204.0
0.0 50.0 129.0 626.0 2737.0
0.0 215.0 53.0 171.0 1095.0
0.0 259.0 39.0 103.0 672.0
0.0 65.0 134.0 496.0 2660.0
0.0 160.0 62.0 361.0 1667.0
0.0 164.0 94.0 185.0 1579.0
0.0 220.0 54.0 187.0 1032.0
0.0 269.0 34.0 102.0 593.0
0.0 144.0 117.0 180.0 1807.0
0.0 253.0 37.0 127.0 754.0
0.0 46.0 170.0 366.0 2841.0
0.0 128.0 99.0 312.0 1915.0
0.0 47.0 162.0 440.0 2781.0
0.0 247.0 38.0 146.0 821.0
0.0 130.0 114.0 259.0 1975.0
0.0 23.0 175.0 495.0 3054.0
0.0 5.0 179.0 585.0 3257.0
0.0 132.0 117.0 219.0 1884.0
0.0 264.0 31.0 112.0 637.0
0.0 158.0 88.0 232.0 1627.0
0.0 180.0 85.0 170.0 1418.0
0.0 212.0 66.0 146.0 1112.0
0.0 278.0 24.0 115.0 500.0
0.0 250.0 44.0 118.0 763.0
0.0 227.0 41.0 241.0 1009.0
0.0 281.0 26.0 103.0 480.0
0.0 221.0 41.0 205.0 1066.0
0.0 246.0 48.0 109.0 801.0
0.0 167.0 59.0 346.0 1599.0
0.0 248.0 46.0 111.0 770.0
0.0 127.0 78.0 447.0 2003.0
0.0 29.0 160.0 574.0 3033.0
0.0 123.0 87.0 401.0 2038.0
0.0 209.0 71.0 139.0 1141.0
0.0 20.0 163.0 597.0 3100.0
0.0 163.0 60.0 370.0 1619.0
0.0 97.0 151.0 225.0 2327.0
0.0 45.0 146.0 529.0 2746.0
0.0 74.0 161.0 278.0 2555.0
0.0 15.0 169.0 604.0 3152.0
0.0 275.0 24.0 114.0 531.0
0.0 202.0 81.0 131.0 1250.0
0.0 247.0 36.0 154.0 832.0
0.0 4.0 179.0 594.0 3265.0
0.0 140.0 80.0 351.0 1856.0
0.0 178.0 74.0 206.0 1466.0
0.0 185.0 55.0 281.0 1409.0
0.0 155.0 66.0 359.0 1706.0
0.0 107.0 143.0 214.0 2217.0
0.0 33.0 155.0 596.0 2967.0
0.0 69.0 155.0 363.0 2579.0
0.0 182.0 72.0 201.0 1421.0
0.0 249.0 36.0 150.0 812.0
0.0 222.0 60.0 134.0 1015.0
0.0 112.0 93.0 436.0 2117.0
0.0 185.0 88.0 157.0 1375.0
0.0 142.0 117.0 188.0 1813.0
0.0 96.0 151.0 229.0 2341.0
0.0 99.0 87.0 572.0 2324.0
0.0 121.0 104.0 320.0 1982.0
0.0 241.0 48.0 128.0 853.0
0.0 155.0 88.0 248.0 1664.0
0.0 230.0 47.0 149.0 966.0
0.0 163.0 75.0 320.0 1607.0
0.0 41.0 143.0 601.0 2898.0
0.0 9.0 179.0 550.0 3217.0
0.0 171.0 81.0 214.0 1498.0
0.0 173.0 56.0 348.0 1548.0
0.0 15.0 171.0 585.0 3153.0
0.0 84.0 96.0 617.0 2466.0
0.0 45.0 161.0 454.0 2825.0
0.0 56.0 168.0 328.0 2728.0
0.0 123.0 73.0 519.0 2059.0
0.0 182.0 62.0 243.0 1428.0
0.0 154.0 60.0 438.0 1743.0
0.0 281.0 24.0 98.0 494.0
0.0 189.0 60.0 230.0 1359.0
0.0 251.0 42.0 114.0 737.0
0.0 139.0 112.0 209.0 1823.0
0.0 184.0 52.0 307.0 1437.0
0.0 272.0 25.0 116.0 556.0
0.0 270.0 35.0 99.0 580.0
0.0 158.0 104.0 188.0 1638.0
0.0 271.0 27.0 112.0 573.0
0.0 112.0 125.0 262.0 2081.0
0.0 83.0 157.0 258.0 2451.0
0.0 84.0 148.0 331.0 2438.0
0.0 138.0 108.0 265.0 1876.0
0.0 99.0 86.0 581.0 2329.0
0.0 255.0 44.0 109.0 717.0
0.0 270.0 28.0 113.0 578.0
0.0 66.0 147.0 402.0 2605.0
0.0 108.0 113.0 335.0 2121.0
0.0 51.0 157.0 434.0 2768.0
0.0 231.0 48.0 145.0 945.0
0.0 13.0 177.0 549.0 3157.0
0.0 261.0 36.0 107.0 655.0
0.0 212.0 68.0 139.0 1113.0
0.0 152.0 106.0 190.0 1687.0
0.0 104.0 145.0 223.0 2244.0
0.0 168.0 77.0 281.0 1569.0
0.0 30.0 167.0 499.0 2987.0
0.0 281.0 24.0 100.0 485.0
0.0 139.0 111.0 216.0 1811.0
0.0 256.0 33.0 140.0 722.0
0.0 153.0 114.0 164.0 1734.0
0.0 169.0 97.0 173.0 1522.0
0.0 132.0 115.0 231.0 1878.0
0.0 146.0 69.0 392.0 1788.0
0.0 104.0 143.0 234.0 2228.0
0.0 101.0 145.0 236.0 2272.0
0.0 134.0 70.0 461.0 1934.0
0.0 206.0 47.0 231.0 1213.0
0.0 221.0 60.0 136.0 1022.0
0.0 201.0 45.0 285.0 1271.0
0.0 77.0 136.0 382.0 2431.0
0.0 208.0 57.0 182.0 1154.0
0.0 184.0 95.0 140.0 1461.0
0.0 81.0 158.0 263.0 2474.0
0.0 83.0 112.0 537.0 2431.0
0.0 75.0 119.0 555.0 2543.0
0.0 212.0 75.0 121.0 1115.0
0.0 222.0 49.0 161.0 1042.0
0.0 7.0 179.0 572.0 3237.0
0.0 181.0 53.0 323.0 1461.0
0.0 25.0 168.0 523.0 3022.0
0.0 244.0 38.0 147.0 861.0
0.0 16.0 171.0 578.0 3157.0
0.0 252.0 42.0 111.0 731.0
0.0 8.0 179.0 560.0 3227.0
0.0 209.0 63.0 173.0 1172.0
0.0 258.0 37.0 112.0 682.0
0.0 226.0 39.0 194.0 1021.0
0.0 63.0 150.0 424.0 2647.0
0.0 139.0 68.0 455.0 1877.0
0.0 156.0 107.0 173.0 1664.0
0.0 37.0 160.0 550.0 2927.0
0.0 246.0 48.0 111.0 784.0
0.0 140.0 104.0 253.0 1857.0
0.0 78.0 124.0 448.0 2422.0
0.0 161.0 73.0 278.0 1633.0
0.0 204.0 54.0 196.0 1225.0
0.0 272.0 27.0 109.0 559.0
0.0 253.0 45.0 103.0 724.0
0.0 243.0 42.0 130.0 832.0
0.0 203.0 53.0 207.0 1231.0
0.0 144.0 108.0 208.0 1762.0
0.0 207.0 68.0 148.0 1163.0
0.0 188.0 55.0 263.0 1375.0
0.0 272.0 33.0 97.0 572.0
0.0 55.0 124.0 626.0 2698.0
0.0 166.0 101.0 166.0 1567.0
0.0 236.0 51.0 135.0 888.0
0.0 204.0 56.0 269.0 1207.0
0.0 126.0 78.0 463.0 2023.0
0.0 252.0 37.0 153.0 748.0
0.0 19.0 179.0 480.0 3101.0
0.0 206.0 76.0 135.0 1178.0
0.0 87.0 131.0 357.0 2317.0
0.0 59.0 157.0 392.0 2688.0
0.0 181.0 76.0 187.0 1443.0
0.0 111.0 141.0 207.0 2184.0
0.0 85.0 124.0 441.0 2426.0
0.0 134.0 128.0 178.0 1939.0
0.0 108.0 141.0 223.0 2188.0
0.0 217.0 69.0 123.0 1063.0
0.0 88.0 154.0 251.0 2396.0
0.0 60.0 142.0 489.0 2664.0
0.0 163.0 97.0 187.0 1587.0
0.0 135.0 70.0 454.0 1919.0
0.0 45.0 173.0 360.0 2857.0
0.0 179.0 87.0 166.0 1434.0
0.0 117.0 91.0 409.0 2075.0
0.0 45.0 172.0 367.0 2843.0
0.0 14.0 169.0 602.0 3178.0
0.0 234.0 37.0 174.0 929.0
0.0 175.0 91.0 174.0 1461.0
0.0 274.0 32.0 108.0 531.0
0.0 222.0 40.0 206.0 1054.0
0.0 55.0 168.0 336.0 2740.0
0.0 58.0 138.0 525.0 2723.0
0.0 192.0 75.0 169.0 1295.0
0.0 19.0 166.0 601.0 3115.0
0.0 204.0 57.0 262.0 1208.0
0.0 276.0 26.0 104.0 533.0
0.0 148.0 67.0 405.0 1781.0
0.0 259.0 40.0 101.0 675.0
0.0 255.0 38.0 115.0 703.0
0.0 212.0 55.0 213.0 1135.0
0.0 224.0 39.0 202.0 1038.0
0.0 236.0 52.0 122.0 888.0
0.0 200.0 80.0 143.0 1222.0
0.0 27.0 170.0 501.0 3013.0
0.0 128.0 95.0 383.0 1975.0
0.0 242.0 53.0 112.0 825.0
0.0 241.0 34.0 166.0 867.0
0.0 61.0 133.0 537.0 2687.0
0.0 173.0 80.0 201.0 1496.0
0.0 138.0 126.0 178.0 1879.0
0.0 205.0 43.0 280.0 1226.0
0.0 257.0 36.0 114.0 692.0
0.0 113.0 139.0 208.0 2155.0
0.0 243.0 51.0 111.0 813.0
0.0 131.0 128.0 190.0 1959.0
0.0 111.0 139.0 214.0 2158.0
0.0 36.0 143.0 626.0 2873.0
0.0 148.0 80.0 310.0 1756.0
0.0 218.0 53.0 160.0 1074.0
0.0 175.0 60.0 290.0 1502.0
0.0 57.0 168.0 328.0 2723.0
0.0 81.0 138.0 348.0 2385.0
0.0 122.0 131.0 202.0 2041.0
0.0 185.0 63.0 229.0 1405.0
0.0 205.0 72.0 155.0 1234.0
0.0 245.0 40.0 149.0 832.0
0.0 217.0 56.0 155.0 1075.0
0.0 114.0 93.0 414.0 2107.0
0.0 51.0 158.0 430.0 2765.0
0.0 61.0 152.0 410.0 2654.0
0.0 63.0 154.0 392.0 2668.0
0.0 265.0 26.0 129.0 634.0
0.0 18.0 166.0 606.0 3109.0
0.0 254.0 33.0 144.0 735.0
0.0 134.0 123.0 196.0 1918.0
0.0 102.0 142.0 238.0 2231.0
0.0 89.0 112.0 455.0 2312.0
0.0 105.0 81.0 589.0 2258.0
0.0 81.0 146.0 343.0 2479.0
0.0 82.0 156.0 267.0 2474.0
0.0 157.0 75.0 287.0 1667.0
0.0 112.0 92.0 437.0 2146.0
0.0 161.0 62.0 355.0 1654.0
0.0 263.0 29.0 130.0 661.0
0.0 201.0 64.0 180.0 1210.0
0.0 201.0 74.0 148.0 1235.0
0.0 13.0 179.0 525.0 3172.0
0.0 251.0 48.0 101.0 747.0
0.0 132.0 69.0 501.0 1958.0
0.0 170.0 68.0 272.0 1537.0
0.0 166.0 78.0 290.0 1588.0
0.0 28.0 176.0 467.0 3006.0
0.0 111.0 81.0 545.0 2190.0
0.0 248.0 45.0 111.0 783.0
0.0 54.0 160.0 424.0 2719.0
0.0 163.0 84.0 234.0 1584.0
0.0 182.0 57.0 280.0 1425.0
0.0 275.0 31.0 102.0 538.0
0.0 271.0 35.0 112.0 556.0
0.0 41.0 168.0 440.0 2879.0
0.0 72.0 149.0 369.0 2581.0
0.0 57.0 156.0 428.0 2686.0
0.0 252.0 40.0 116.0 732.0
0.0 142.0 93.0 274.0 1771.0
0.0 66.0 156.0 373.0 2630.0
0.0 275.0 29.0 97.0 554.0
0.0 192.0 85.0 147.0 1334.0
0.0 70.0 135.0 425.0 2500.0
0.0 164.0 96.0 191.0 1572.0
0.0 2.0 177.0 626.0 3293.0
0.0 152.0 81.0 284.0 1704.0
0.0 6.0 179.0 578.0 3246.0
0.0 216.0 72.0 126.0 1070.0
0.0 146.0 96.0 242.0 1740.0
0.0 199.0 78.0 145.0 1267.0
0.0 158.0 63.0 365.0 1683.0
0.0 182.0 90.0 165.0 1405.0
0.0 10.0 178.0 555.0 3205.0
0.0 26.0 162.0 577.0 3074.0
0.0 230.0 54.0 142.0 967.0
0.0 138.0 122.0 190.0 1888.0
0.0 147.0 66.0 405.0 1808.0
0.0 140.0 82.0 342.0 1828.0
0.0 129.0 115.0 241.0 1908.0
0.0 127.0 96.0 332.0 1941.0
0.0 246.0 51.0 103.0 802.0
0.0 217.0 49.0 175.0 1104.0
0.0 180.0 84.0 192.0 1485.0
0.0 246.0 31.0 166.0 825.0
0.0 31.0 172.0 464.0 2994.0
0.0 229.0 46.0 151.0 982.0
0.0 155.0 61.0 409.0 1727.0
0.0 207.0 58.0 209.0 1179.0
0.0 231.0 46.0 147.0 948.0
0.0 45.0 146.0 525.0 2768.0
0.0 67.0 132.0 498.0 2589.0
0.0 199.0 87.0 125.0 1240.0
0.0 85.0 156.0 251.0 2434.0
0.0 259.0 33.0 118.0 678.0
0.0 107.0 81.0 569.0 2232.0
0.0 144.0 79.0 329.0 1825.0
0.0 240.0 36.0 157.0 885.0
0.0 195.0 56.0 226.0 1311.0
0.0 156.0 109.0 168.0 1684.0
0.0 213.0 58.0 162.0 1130.0
0.0 191.0 56.0 240.0 1346.0
0.0 273.0 25.0 116.0 549.0
0.0 173.0 92.0 170.0 1485.0
0.0 257.0 37.0 111.0 692.0
0.0 228.0 54.0 143.0 994.0
0.0 196.0 75.0 157.0 1290.0
0.0 216.0 57.0 155.0 1084.0
0.0 82.0 97.0 626.0 2503.0
0.0 261.0 38.0 101.0 660.0
0.0 31.0 160.0 543.0 2964.0
0.0 245.0 31.0 170.0 833.0
0.0 263.0 32.0 112.0 643.0
0.0 20.0 179.0 473.0 3096.0
0.0 132.0 114.0 230.0 1879.0
0.0 108.0 143.0 211.0 2211.0
0.0 61.0 144.0 429.0 2586.0
0.0 88.0 109.0 484.0 2343.0
0.0 179.0 90.0 171.0 1420.0
0.0 102.0 128.0 332.0 2231.0
0.0 119.0 74.0 541.0 2123.0
0.0 49.0 170.0 355.0 2808.0
0.0 36.0 148.0 597.0 2950.0
0.0 227.0 61.0 126.0 956.0
0.0 229.0 38.0 191.0 983.0
0.0 251.0 36.0 142.0 769.0
0.0 255.0 37.0 121.0 739.0
0.0 44.0 172.0 370.0 2862.0
0.0 69.0 165.0 284.0 2610.0
0.0 170.0 102.0 158.0 1609.0
0.0 267.0 32.0 107.0 616.0
0.0 124.0 115.0 281.0 2009.0
0.0 261.0 37.0 103.0 658.0
0.0 28.0 175.0 471.0 3006.0
0.0 162.0 88.0 214.0 1587.0
0.0 245.0 40.0 146.0 843.0
0.0 91.0 134.0 318.0 2287.0
0.0 136.0 126.0 178.0 1909.0
0.0 200.0 64.0 175.0 1247.0
0.0 24.0 163.0 587.0 3060.0
0.0 120.0 136.0 195.0 2077.0
0.0 202.0 42.0 307.0 1286.0
0.0 161.0 105.0 166.0 1621.0
0.0 20.0 178.0 497.0 3098.0
0.0 75.0 157.0 284.0 2539.0
0.0 121.0 118.0 259.0 1987.0
0.0 19.0 177.0 507.0 3091.0
0.0 154.0 80.0 278.0 1694.0
0.0 43.0 146.0 545.0 2775.0
0.0 29.0 163.0 562.0 3014.0
0.0 147.0 83.0 301.0 1747.0
0.0 3.0 178.0 610.0 3282.0
0.0 79.0 137.0 362.0 2404.0
0.0 132.0 115.0 225.0 1883.0
0.0 233.0 62.0 110.0 928.0
0.0 260.0 32.0 120.0 669.0
0.0 233.0 39.0 166.0 960.0
0.0 66.0 155.0 380.0 2611.0
0.0 277.0 24.0 106.0 519.0
0.0 2.0 179.0 609.0 3294.0
0.0 194.0 55.0 239.0 1306.0
0.0 195.0 53.0 240.0 1316.0
0.0 235.0 37.0 172.0 932.0
0.0 37.0 142.0 626.0 2863.0
0.0 173.0 79.0 207.0 1494.0
0.0 156.0 76.0 291.0 1673.0
0.0 83.0 156.0 259.0 2463.0
0.0 62.0 155.0 393.0 2658.0
0.0 168.0 59.0 346.0 1571.0
0.0 268.0 32.0 105.0 603.0
0.0 256.0 32.0 139.0 731.0
0.0 168.0 98.0 166.0 1545.0
0.0 199.0 61.0 188.0 1260.0
0.0 47.0 157.0 460.0 2780.0
0.0 60.0 154.0 405.0 2697.0
0.0 161.0 74.0 273.0 1630.0
0.0 259.0 31.0 137.0 688.0
0.0 216.0 62.0 142.0 1075.0
0.0 147.0 67.0 411.0 1794.0
0.0 16.0 177.0 531.0 3122.0
0.0 72.0 149.0 371.0 2547.0
0.0 176.0 77.0 205.0 1484.0
0.0 210.0 77.0 123.0 1130.0
0.0 114.0 120.0 298.0 2134.0
0.0 252.0 34.0 144.0 766.0
0.0 270.0 25.0 120.0 589.0
0.0 203.0 66.0 191.0 1194.0
0.0 42.0 157.0 490.0 2852.0
0.0 123.0 78.0 469.0 2053.0
0.0 14.0 178.0 533.0 3150.0
0.0 100.0 136.0 292.0 2307.0
0.0 262.0 34.0 119.0 644.0
0.0 211.0 45.0 220.0 1168.0
0.0 106.0 82.0 562.0 2257.0
0.0 210.0 70.0 139.0 1131.0
0.0 187.0 69.0 197.0 1360.0
0.0 188.0 86.0 150.0 1379.0
0.0 63.0 165.0 308.0 2663.0
0.0 62.0 162.0 322.0 2664.0
0.0 104.0 119.0 329.0 2151.0
0.0 124.0 133.0 190.0 2050.0
0.0 197.0 82.0 145.0 1251.0
0.0 85.0 155.0 259.0 2430.0
0.0 19.0 169.0 561.0 3077.0
0.0 175.0 103.0 144.0 1566.0
0.0 65.0 153.0 379.0 2636.0
0.0 34.0 163.0 500.0 2933.0
0.0 34.0 166.0 487.0 2920.0
0.0 190.0 53.0 270.0 1364.0
0.0 213.0 66.0 137.0 1112.0
0.0 260.0 33.0 115.0 672.0
0.0 272.0 28.0 111.0 558.0
0.0 153.0 105.0 190.0 1677.0
0.0 159.0 74.0 288.0 1664.0
0.0 267.0 33.0 105.0 608.0
0.0 236.0 41.0 151.0 904.0
0.0 160.0 100.0 191.0 1612.0
0.0 48.0 141.0 545.0 2729.0
0.0 56.0 135.0 560.0 2749.0
0.0 44.0 167.0 426.0 2845.0
0.0 42.0 164.0 455.0 2855.0
0.0 142.0 86.0 355.0 1817.0
0.0 107.0 142.0 219.0 2211.0
0.0 182.0 54.0 308.0 1440.0
0.0 280.0 24.0 100.0 499.0
0.0 268.0 36.0 98.0 611.0
0.0 97.0 88.0 589.0 2333.0
0.0 255.0 33.0 140.0 729.0
0.0 101.0 103.0 433.0 2220.0
0.0 35.0 169.0 462.0 2935.0
0.0 111.0 137.0 230.0 2149.0
0.0 209.0 47.0 218.0 1178.0
0.0 184.0 75.0 185.0 1392.0
0.0 272.0 27.0 116.0 555.0
0.0 135.0 96.0 288.0 1848.0
0.0 234.0 44.0 146.0 921.0
0.0 263.0 37.0 107.0 637.0
0.0 235.0 42.0 171.0 926.0
0.0 247.0 39.0 151.0 800.0
0.0 196.0 52.0 249.0 1292.0
0.0 175.0 76.0 210.0 1494.0
0.0 38.0 153.0 565.0 2936.0
0.0 257.0 42.0 101.0 701.0
0.0 249.0 45.0 111.0 757.0
0.0 193.0 85.0 148.0 1325.0
0.0 279.0 28.0 106.0 497.0
0.0 207.0 81.0 119.0 1172.0
0.0 54.0 158.0 426.0 2717.0
0.0 214.0 64.0 158.0 1099.0
0.0 115.0 79.0 532.0 2129.0
0.0 122.0 98.0 400.0 2032.0
0.0 57.0 133.0 563.0 2746.0
0.0 203.0 78.0 133.0 1209.0
0.0 277.0 29.0 108.0 517.0
0.0 188.0 75.0 180.0 1333.0
0.0 107.0 113.0 341.0 2126.0
0.0 254.0 39.0 115.0 711.0
0.0 156.0 66.0 355.0 1686.0
0.0 168.0 63.0 307.0 1567.0
0.0 7.0 179.0 573.0 3229.0
0.0 158.0 80.0 260.0 1643.0
0.0 35.0 166.0 483.0 2909.0
0.0 11.0 173.0 607.0 3194.0
0.0 193.0 55.0 239.0 1325.0
0.0 175.0 97.0 159.0 1472.0
0.0 268.0 38.0 97.0 603.0
0.0 15.0 174.0 564.0 3148.0
0.0 214.0 67.0 137.0 1097.0
0.0 256.0 29.0 140.0 735.0
0.0 213.0 56.0 167.0 1113.0
0.0 23.0 179.0 455.0 3063.0
0.0 189.0 73.0 175.0 1353.0
0.0 64.0 155.0 385.0 2622.0
0.0 243.0 41.0 146.0 854.0
0.0 6.0 179.0 575.0 3252.0
0.0 98.0 129.0 310.0 2207.0
0.0 146.0 106.0 206.0 1751.0
0.0 49.0 147.0 518.0 2796.0
0.0 88.0 93.0 613.0 2433.0
0.0 20.0 171.0 559.0 3103.0
0.0 138.0 67.0 475.0 1901.0
0.0 127.0 130.0 198.0 2017.0
0.0 41.0 154.0 536.0 2925.0
0.0 104.0 142.0 235.0 2243.0
0.0 267.0 30.0 110.0 604.0
0.0 33.0 169.0 469.0 2969.0
0.0 255.0 42.0 110.0 742.0
0.0 27.0 166.0 523.0 2999.0
0.0 203.0 51.0 217.0 1243.0
0.0 207.0 75.0 131.0 1153.0
0.0 74.0 134.0 407.0 2471.0
0.0 259.0 35.0 111.0 681.0
0.0 12.0 179.0 528.0 3182.0
0.0 105.0 99.0 435.0 2198.0
0.0 144.0 94.0 258.0 1762.0
0.0 71.0 159.0 296.0 2572.0
0.0 55.0 155.0 425.0 2737.0
0.0 208.0 65.0 172.0 1177.0
0.0 268.0 33.0 104.0 591.0
0.0 191.0 80.0 178.0 1345.0
0.0 196.0 55.0 228.0 1292.0
0.0 112.0 80.0 552.0 2163.0
0.0 246.0 37.0 150.0 821.0
0.0 12.0 176.0 554.0 3180.0
0.0 125.0 120.0 233.0 1949.0
0.0 86.0 94.0 617.0 2446.0
0.0 122.0 103.0 321.0 1988.0
0.0 41.0 166.0 441.0 2873.0
0.0 245.0 47.0 126.0 808.0
0.0 217.0 68.0 127.0 1077.0
0.0 76.0 125.0 456.0 2441.0
0.0 115.0 110.0 320.0 2034.0
0.0 139.0 98.0 262.0 1815.0
