0.867521367521 0.0586080586081 0.0711681126619 0.129856170028
0.793650793651 0.101953601954 0.0999622783855 0.204832189342
0.796703296703 0.0903540903541 0.114673708035 0.202113676246
0.836385836386 0.0738705738706 0.091160568339 0.159191401049
0.858363858364 0.0634920634921 0.0740601031057 0.138644188746
0.796703296703 0.0909645909646 0.11303910474 0.202272029156
0.850427350427 0.0671550671551 0.0808499937131 0.14852882406
0.859584859585 0.0610500610501 0.0782094806991 0.136273019481
0.797313797314 0.0995115995116 0.102602791399 0.200537944275
0.887667887668 0.0500610500611 0.0619891864705 0.109529249206
0.849816849817 0.0683760683761 0.0787124355589 0.148311293806
0.834554334554 0.0811965811966 0.0851251100214 0.16615866268
0.807692307692 0.0854700854701 0.108763988432 0.192801431452
0.874236874237 0.0561660561661 0.0668929963536 0.122298562058
0.784493284493 0.101343101343 0.111027285301 0.213994923573
0.857142857143 0.0616605616606 0.0797183452785 0.140482419623
0.81684981685 0.0830280830281 0.0994593235257 0.180944385777
0.860195360195 0.0647130647131 0.070916635232 0.139025235591
0.849206349206 0.0659340659341 0.0843706777317 0.149954052485
0.815018315018 0.0842490842491 0.0968188105118 0.185841684799
0.857753357753 0.0647130647131 0.0750660128253 0.137905664346
0.828449328449 0.0769230769231 0.0927951716333 0.168357073176
0.793650793651 0.0982905982906 0.103608701119 0.204983877851
0.815628815629 0.0824175824176 0.101722620395 0.182341784601
0.787545787546 0.0989010989011 0.111278762731 0.209192210458
0.789377289377 0.0952380952381 0.11454796932 0.210272402733
0.855921855922 0.0628815628816 0.0804727775682 0.141683006124
0.832112332112 0.0750915750916 0.093675342638 0.164486097111
0.8778998779 0.0555555555556 0.0631208349051 0.118776628102
0.874236874237 0.0567765567766 0.065887086634 0.123146629625
0.800976800977 0.0903540903541 0.106123475418 0.198491599841
0.815018315018 0.0848595848596 0.0990821073809 0.182740742916
0.794871794872 0.0927960927961 0.110650069156 0.205232057782
0.827838827839 0.0781440781441 0.0917892619137 0.168181755889
0.814407814408 0.0848595848596 0.10033949453 0.182334528649
0.785103785104 0.0995115995116 0.114422230605 0.210701016279
0.808302808303 0.0860805860806 0.106626430278 0.192183462968
0.826007326007 0.0769230769231 0.0997108009556 0.169600308204
0.886446886447 0.04884004884 0.065761347919 0.113936053231
0.859584859585 0.0616605616606 0.0770778322646 0.13640609079
0.807692307692 0.0873015873016 0.105746259273 0.190268916417
0.873015873016 0.0537240537241 0.0725512385263 0.123465414651
0.795482295482 0.0909645909646 0.116056833899 0.203167184078
0.860195360195 0.0628815628816 0.073431409531 0.13815434504
0.789377289377 0.0964590964591 0.111530240161 0.210931682313
0.798534798535 0.0897435897436 0.111278762731 0.201799429514
0.847374847375 0.0726495726496 0.0787124355589 0.153888989111
0.815628815629 0.0860805860806 0.0955614233623 0.181644989105
0.891330891331 0.0482295482295 0.0616119703257 0.106610768658
0.800366300366 0.0927960927961 0.107255123853 0.197740698827
0.825396825397 0.0781440781441 0.0970702879417 0.171209633113
0.880952380952 0.0531135531136 0.0618634477556 0.115736176803
0.884004884005 0.0525030525031 0.0621149251855 0.114649206129
0.82905982906 0.0769230769231 0.0921664780586 0.167902531243
0.842490842491 0.0714285714286 0.0857538035961 0.154705230445
0.860805860806 0.0628815628816 0.0730541933861 0.13528889065
0.858974358974 0.0616605616606 0.0783352194141 0.136937183531
0.821123321123 0.0799755799756 0.10159688168 0.176423097552
0.849816849817 0.0653235653236 0.0870111907456 0.150634716359
0.783882783883 0.101953601954 0.111027285301 0.214356437755
0.872405372405 0.0555555555556 0.0722997610964 0.124426977374
0.814407814408 0.0848595848596 0.0995850622407 0.182483457319
0.81746031746 0.0818070818071 0.10209983654 0.180605609403
0.813797313797 0.0854700854701 0.0995850622407 0.184166396392
0.814407814408 0.0848595848596 0.0994593235257 0.183792517768
0.802808302808 0.0940170940171 0.0978247202314 0.197855748198
0.801587301587 0.0909645909646 0.105494781843 0.196222890477
0.799145299145 0.0940170940171 0.102980007544 0.199611223172
0.812576312576 0.0842490842491 0.104363133409 0.185278162847
0.872405372405 0.0555555555556 0.0699107255124 0.126375521338
0.860805860806 0.0616605616606 0.0748145353954 0.135419930559
0.89010989011 0.04884004884 0.0602288444612 0.107101077844
0.888278388278 0.04884004884 0.06324657362 0.108980267704
0.788766788767 0.0952380952381 0.115805356469 0.210805757977
0.793650793651 0.0927960927961 0.115679617754 0.205206144899
0.816239316239 0.0836385836386 0.0990821073809 0.180586378699
0.786324786325 0.101953601954 0.108135294857 0.211587160915
0.855921855922 0.0653235653236 0.07594618383 0.141907855271
0.811965811966 0.0879120879121 0.0958129007922 0.187781051182
0.796703296703 0.0952380952381 0.107129385138 0.202914967436
0.788766788767 0.0970695970696 0.111781717591 0.212033238535
0.79242979243 0.101953601954 0.10084244939 0.206019232177
0.869963369963 0.0573870573871 0.0706651578021 0.128744226921
0.796092796093 0.0915750915751 0.11303910474 0.202741191797
0.815018315018 0.0818070818071 0.104237394694 0.184556407084
0.849206349206 0.0665445665446 0.0827360744373 0.149230759245
0.814407814408 0.0842490842491 0.10084244939 0.182677845379
0.791208791209 0.0995115995116 0.104991826984 0.207205090678
0.797313797314 0.0903540903541 0.113416320885 0.201447863042
0.839438339438 0.0689865689866 0.0959386395071 0.158809940657
0.885225885226 0.0531135531136 0.0602288444612 0.114708343925
0.887057387057 0.0506715506716 0.0616119703257 0.111773830096
0.843101343101 0.0714285714286 0.0844964164466 0.154171875202
0.884615384615 0.0506715506716 0.0643782220546 0.114808983255
0.790598290598 0.0964590964591 0.109392682007 0.208782735598
0.814407814408 0.0860805860806 0.0964415943669 0.186235330446
0.855311355311 0.0628815628816 0.081101471143 0.142416279983
0.815628815629 0.0836385836386 0.0995850622407 0.181684102016
0.800366300366 0.0982905982906 0.0989563686659 0.196542062851
0.846764346764 0.0689865689866 0.0827360744373 0.151388920718
0.802808302808 0.0897435897436 0.103860178549 0.198459942781
0.845543345543 0.0683760683761 0.0856280648812 0.151975676935
0.857142857143 0.0653235653236 0.0749402741104 0.138879038391
0.874236874237 0.0579975579976 0.0637495284798 0.121824024046
0.859584859585 0.0628815628816 0.0735571482459 0.137495004693
0.815018315018 0.0860805860806 0.0960643782221 0.182325010516
0.788766788767 0.0976800976801 0.111655978876 0.211138905002
0.82905982906 0.0769230769231 0.0932981264931 0.167569682566
0.850427350427 0.0695970695971 0.0773293096945 0.148239459875
0.863858363858 0.0610500610501 0.0704136803722 0.131596411393
0.84126984127 0.0695970695971 0.0906576134792 0.155280990679
0.86568986569 0.0579975579976 0.0736828869609 0.13245032642
0.86568986569 0.0579975579976 0.0745630579655 0.132208710341
0.787545787546 0.0995115995116 0.109644159437 0.208468917219
0.808302808303 0.0866910866911 0.106374952848 0.190103409492
0.810744810745 0.0891330891331 0.0943040362127 0.188900035387
0.887057387057 0.0512820512821 0.0612347541808 0.109668319657
0.802808302808 0.0934065934066 0.0982019363762 0.197378424425
0.886446886447 0.0506715506716 0.0621149251855 0.113040644961
0.815628815629 0.0836385836386 0.10033949453 0.181119733943
0.796092796093 0.0921855921856 0.112661888595 0.202581322975
0.862637362637 0.0628815628816 0.0706651578021 0.132901234052
0.79304029304 0.0982905982906 0.103985917264 0.205080429225
0.837606837607 0.0744810744811 0.0858795423111 0.161102021541
0.854700854701 0.0628815628816 0.0822331195775 0.143175114703
0.789987789988 0.0970695970696 0.109392682007 0.209528367663
0.796092796093 0.0903540903541 0.116182572614 0.202990527226
0.827228327228 0.0763125763126 0.096315855652 0.169261152045
0.839438339438 0.0708180708181 0.0896517037596 0.157814204792
0.826007326007 0.0787545787546 0.0978247202314 0.169606699539
0.8663003663 0.0598290598291 0.0711681126619 0.131020709342
0.858974358974 0.0659340659341 0.0719225449516 0.135858091104
0.885836385836 0.0506715506716 0.0622406639004 0.112657774037
0.844932844933 0.0708180708181 0.0847478938765 0.15205530194
0.860805860806 0.0610500610501 0.0764491386898 0.13520591679
0.85347985348 0.0641025641026 0.0832390292971 0.144694879485
0.855311355311 0.0628815628816 0.080975732428 0.142641759459
0.791819291819 0.0982905982906 0.105746259273 0.206426263841
0.884615384615 0.0525030525031 0.0628693574752 0.11365868786
0.851037851038 0.0671550671551 0.0797183452785 0.1478776378
0.89072039072 0.04884004884 0.0597258896014 0.10741649774
0.862637362637 0.0579975579976 0.0812272098579 0.137512098879
0.794871794872 0.0946275946276 0.107632339997 0.205198256635
0.81746031746 0.0836385836386 0.0968188105118 0.179887724915
0.869352869353 0.0592185592186 0.0665157802087 0.128342053311
0.871794871795 0.0543345543346 0.0726769772413 0.124408750705
0.883394383394 0.0531135531136 0.0621149251855 0.115118368772
0.849206349206 0.0683760683761 0.0792153904187 0.14926778464
0.827838827839 0.0775335775336 0.093549603923 0.168812027613
0.838217338217 0.0726495726496 0.0878913617503 0.159576527988
0.82905982906 0.0763125763126 0.0932981264931 0.167825412852
0.782661782662 0.101343101343 0.116056833899 0.214694613133
0.874847374847 0.0543345543346 0.0689048157928 0.121583994403
0.796703296703 0.0970695970696 0.102728530114 0.202791126349
0.806471306471 0.0879120879121 0.104740349554 0.191726636845
0.842490842491 0.0726495726496 0.0844964164466 0.156503294107
0.885836385836 0.0518925518926 0.060857538036 0.113868358388
0.868742368742 0.0610500610501 0.0692820319376 0.129327509792
0.893162393162 0.04884004884 0.058342763737 0.105716011182
0.784493284493 0.100732600733 0.111530240161 0.212892502329
0.847985347985 0.0677655677656 0.0827360744373 0.150027852046
0.855921855922 0.0647130647131 0.0768263548347 0.141763710568
0.847374847375 0.0671550671551 0.0848736325915 0.151298708736
0.836996336996 0.0695970695971 0.0970702879417 0.16349960471
0.847985347985 0.0714285714286 0.0794668678486 0.152986622432
0.808913308913 0.0854700854701 0.106626430278 0.191435568401
0.816239316239 0.0824175824176 0.101722620395 0.181315109401
0.782661782662 0.102564102564 0.112536149881 0.215507477476
0.868742368742 0.0598290598291 0.0685275996479 0.130581732607
0.888278388278 0.0543345543346 0.0580912863071 0.110206481266
0.797924297924 0.0952380952381 0.102854268829 0.200281173346
0.887057387057 0.0506715506716 0.060857538036 0.112651301179
0.862637362637 0.0598290598291 0.0758204451151 0.133853914579
0.876068376068 0.0561660561661 0.0661385640639 0.119571216108
0.782661782662 0.101343101343 0.11454796932 0.215826125351
0.783272283272 0.100732600733 0.11454796932 0.2146693034
0.839438339438 0.0732600732601 0.086131019741 0.157750016582
0.78083028083 0.103174603175 0.116308311329 0.21852923508
0.880341880342 0.0537240537241 0.0618634477556 0.116481808868
0.786324786325 0.100732600733 0.109141204577 0.210444272274
0.887667887668 0.0512820512821 0.060731799321 0.108988298247
0.812576312576 0.0921855921856 0.091160568339 0.184447072634
0.815018315018 0.0830280830281 0.101722620395 0.18266971476
0.785103785104 0.0989010989011 0.116937004904 0.211580838798
0.835164835165 0.0738705738706 0.0929209103483 0.160815967589
0.82967032967 0.0757020757021 0.0941782974978 0.166463628359
0.789987789988 0.0970695970696 0.110147114296 0.209381701496
0.873626373626 0.0592185592186 0.0647554381994 0.122178173637
0.786324786325 0.0995115995116 0.111781717591 0.210620126436
0.840659340659 0.0732600732601 0.0856280648812 0.156643683686
0.837606837607 0.0726495726496 0.0882685778951 0.159508159177
0.837606837607 0.0695970695971 0.0945555136427 0.163634310979
0.826617826618 0.0769230769231 0.0966930717968 0.16965404314
0.857753357753 0.0622710622711 0.0774550484094 0.14024415396
0.884615384615 0.0512820512821 0.0634980510499 0.113660291923
0.869963369963 0.0579975579976 0.0689048157928 0.127849985604
0.788766788767 0.0970695970696 0.112661888595 0.211372195046
0.812576312576 0.0885225885226 0.0944297749277 0.186833294621
0.79304029304 0.103785103785 0.102225575255 0.205325736467
0.837606837607 0.0714285714286 0.0927951716333 0.158500252007
0.813797313797 0.0866910866911 0.0943040362127 0.186240698376
0.891941391941 0.047619047619 0.0627436187602 0.106964093932
0.788156288156 0.0958485958486 0.116182572614 0.2116694063
0.80463980464 0.0897435897436 0.101974097825 0.196071974557
0.847374847375 0.0683760683761 0.0832390292971 0.151353379236
0.861416361416 0.0616605616606 0.0735571482459 0.134754117354
0.885225885226 0.0500610500611 0.0643782220546 0.114061088688
0.864468864469 0.0610500610501 0.0701622029423 0.131259885717
0.797924297924 0.0903540903541 0.113164843455 0.201397972709
0.795482295482 0.100732600733 0.0989563686659 0.202833400918
0.849206349206 0.0677655677656 0.0804727775682 0.14918796578
0.868742368742 0.0567765567766 0.0736828869609 0.130597446041
0.861416361416 0.0604395604396 0.0761976612599 0.1344239575
0.862637362637 0.0622710622711 0.0711681126619 0.132556891473
0.815628815629 0.0848595848596 0.0973217653716 0.181497297089
0.786935286935 0.100732600733 0.108638249717 0.209485518938
0.84126984127 0.0750915750916 0.0842449390167 0.156724497999
0.871794871795 0.0586080586081 0.0667672576386 0.126328322856
0.858363858364 0.0659340659341 0.0722997610964 0.136795702329
0.788156288156 0.0952380952381 0.117062743619 0.211471571182
0.788766788767 0.0995115995116 0.107380862568 0.209133154203
0.836996336996 0.0738705738706 0.0894002263297 0.159031536193
0.838827838828 0.0726495726496 0.0892744876147 0.157120169024
0.838827838828 0.0720390720391 0.0878913617503 0.158828633421
0.860805860806 0.0641025641026 0.070916635232 0.13855607295
0.893162393162 0.0482295482295 0.0590971960267 0.105369316164
0.806471306471 0.0885225885226 0.10184835911 0.192529683324
0.783882783883 0.100732600733 0.112913366025 0.215164101336
0.858974358974 0.0628815628816 0.0765748774048 0.136940864085
0.785714285714 0.100732600733 0.11278762731 0.211676378995
0.8778998779 0.0525030525031 0.0694077706526 0.120004455587
0.782661782662 0.101343101343 0.11404501446 0.21619173271
0.837606837607 0.0738705738706 0.0887715327549 0.159173060613
0.782051282051 0.101343101343 0.115302401609 0.216573173074
0.873626373626 0.0567765567766 0.0702879416572 0.122657215779
0.838217338217 0.0714285714286 0.0895259650446 0.159590399479
0.838217338217 0.0689865689866 0.0949327297875 0.162123091867
0.785103785104 0.100122100122 0.113164843455 0.211673634268
0.849816849817 0.0677655677656 0.0795926065636 0.149459985138
0.887057387057 0.0500610500611 0.0628693574752 0.111147103179
0.873626373626 0.0592185592186 0.0652583930592 0.121825947107
0.838827838828 0.0714285714286 0.0907833521941 0.158088930713
0.793650793651 0.0976800976801 0.104363133409 0.205546135772
0.862026862027 0.0616605616606 0.073431409531 0.133907055867
0.809523809524 0.0842490842491 0.108512511002 0.190342625568
0.812576312576 0.0873015873016 0.0958129007922 0.187311888539
0.884004884005 0.0494505494505 0.0673959512134 0.115194646483
0.863247863248 0.0622710622711 0.0706651578021 0.132155601987
0.873015873016 0.0586080586081 0.0670187350685 0.123674660827
0.793650793651 0.0970695970696 0.105117565698 0.205318083295
0.836996336996 0.0726495726496 0.0916635231988 0.159381841386
0.821733821734 0.0836385836386 0.093675342638 0.178440246865
0.794261294261 0.0970695970696 0.104111655979 0.204995765825
0.887667887668 0.0500610500611 0.0614862316107 0.109897378161
0.808302808303 0.0873015873016 0.105620520558 0.188639116739
0.807692307692 0.0879120879121 0.101722620395 0.192982771237
0.789987789988 0.103174603175 0.105746259273 0.208606458697
0.816239316239 0.0848595848596 0.0960643782221 0.181110215809
0.840048840049 0.0689865689866 0.0907833521941 0.156419980249
0.833943833944 0.0726495726496 0.0940525587828 0.161957219596
0.801587301587 0.0915750915751 0.104111655979 0.199106369772
0.886446886447 0.0537240537241 0.0592229347416 0.111718889546
0.849816849817 0.0677655677656 0.0797183452785 0.149232243159
0.838827838828 0.0763125763126 0.0828618131523 0.158437798162
0.891330891331 0.04884004884 0.0592229347416 0.106736476329
0.798534798535 0.0989010989011 0.0983276750912 0.199371916304
0.795482295482 0.0915750915751 0.11429649189 0.203274547041
0.821733821734 0.0799755799756 0.10033949453 0.175889742308
0.856532356532 0.0659340659341 0.0750660128253 0.139122721555
0.802197802198 0.0940170940171 0.0989563686659 0.195493615336
0.784493284493 0.0995115995116 0.114422230605 0.213812446131
0.865079365079 0.0604395604396 0.0706651578021 0.133371499047
0.860195360195 0.0604395604396 0.0787124355589 0.135623125948
0.874236874237 0.0555555555556 0.0671444737835 0.122959798197
0.848595848596 0.0677655677656 0.0813529485729 0.150673361793
0.869352869353 0.0537240537241 0.0758204451151 0.128494377159
0.850427350427 0.0683760683761 0.0774550484094 0.148056670487
0.840659340659 0.0702075702076 0.0895259650446 0.157037333519
0.873626373626 0.0549450549451 0.0681503835031 0.12356122136
0.857753357753 0.0628815628816 0.0763233999749 0.140098493343
0.857753357753 0.0653235653236 0.0744373192506 0.138033713851
0.813186813187 0.0860805860806 0.0995850622407 0.184781832998
0.786324786325 0.0995115995116 0.110147114296 0.21212791052
0.806471306471 0.0927960927961 0.0966930717968 0.191816157783
0.842490842491 0.0695970695971 0.0868854520307 0.155204127196
0.858363858364 0.0634920634921 0.0774550484094 0.137238978816
0.857753357753 0.0671550671551 0.0724254998114 0.138206394374
0.827228327228 0.0775335775336 0.0948069910726 0.168538271307
0.826617826618 0.0787545787546 0.0930466490632 0.169595463661
0.85347985348 0.0653235653236 0.0799698227084 0.143961118192
0.828449328449 0.0757020757021 0.0956871620772 0.168060978046
0.803418803419 0.0885225885226 0.108009556142 0.195452295047
0.84126984127 0.0708180708181 0.0862567584559 0.155526572733
0.867521367521 0.0561660561661 0.0746887966805 0.131033141099
0.789987789988 0.0958485958486 0.111530240161 0.210186050248
0.789987789988 0.103785103785 0.102225575255 0.208458618181
0.875457875458 0.0531135531136 0.0702879416572 0.121637684205
0.815628815629 0.0848595848596 0.0951842072174 0.185118612897
0.793650793651 0.0964590964591 0.105494781843 0.205828001907
0.802197802198 0.0976800976801 0.0970702879417 0.194934566529
0.790598290598 0.103785103785 0.101974097825 0.208408727848
0.835775335775 0.0738705738706 0.0916635231988 0.159871422459
0.800366300366 0.0903540903541 0.107380862568 0.199024955085
0.858974358974 0.0610500610501 0.0790896517038 0.140001350438
0.806471306471 0.0946275946276 0.0958129007922 0.193320911794
0.795482295482 0.0934065934066 0.108889727147 0.204859897793
0.859584859585 0.0634920634921 0.0746887966805 0.136639698548
0.811965811966 0.0927960927961 0.0954356846473 0.186686314093
0.782661782662 0.100732600733 0.115302401609 0.215979455889
0.869963369963 0.0567765567766 0.0715453288067 0.12779405567
0.807081807082 0.0873015873016 0.106374952848 0.192190538634
0.87851037851 0.0549450549451 0.0655098704891 0.11774192872
0.859584859585 0.0622710622711 0.076071922545 0.135485141437
0.849206349206 0.0689865689866 0.0779580032692 0.149205854541
0.788766788767 0.103785103785 0.104866088269 0.209013577431
0.81746031746 0.0842490842491 0.0949327297875 0.183376033435
0.857142857143 0.0659340659341 0.0744373192506 0.138781608418
0.782051282051 0.101953601954 0.115302401609 0.216040973366
0.784493284493 0.103785103785 0.110021375582 0.212956368064
0.787545787546 0.0958485958486 0.117062743619 0.212217203247
0.783272283272 0.102564102564 0.111278762731 0.215732200898
0.876678876679 0.0561660561661 0.0642524833396 0.120981754506
0.830280830281 0.0781440781441 0.0894002263297 0.167072802417
0.815018315018 0.0830280830281 0.102477052685 0.182664281076
0.783272283272 0.0995115995116 0.117439959764 0.213772125146
0.880341880342 0.0531135531136 0.0687790770778 0.11755944743
0.858974358974 0.0634920634921 0.0735571482459 0.138242899261
0.828449328449 0.0787545787546 0.0900289199044 0.167716273801
0.888888888889 0.04884004884 0.0619891864705 0.108314454499
0.794261294261 0.101343101343 0.0997108009556 0.203777156934
0.824175824176 0.0805860805861 0.0940525587828 0.173884935196
0.798534798535 0.0903540903541 0.108386772287 0.198788576134
0.873626373626 0.0579975579976 0.0648811769144 0.124016109511
0.787545787546 0.104395604396 0.105620520558 0.210805825755
0.799145299145 0.0934065934066 0.104237394694 0.200743210299
0.80525030525 0.0873015873016 0.106877907708 0.194784134659
0.857142857143 0.0628815628816 0.0775807871244 0.140631848587
0.848595848596 0.0677655677656 0.0814786872878 0.149640770767
0.82905982906 0.0757020757021 0.0943040362127 0.16767856768
0.852869352869 0.0641025641026 0.0833647680121 0.145561083405
0.846153846154 0.0720390720391 0.080975732428 0.153433941225
0.849816849817 0.0671550671551 0.0814786872878 0.148283902905
0.828449328449 0.0775335775336 0.0929209103483 0.167382007073
0.879120879121 0.0494505494505 0.0721740223815 0.119379618361
0.782051282051 0.101953601954 0.11454796932 0.216055181572
0.796703296703 0.0903540903541 0.11429649189 0.20247745424
0.835164835165 0.0744810744811 0.088520055325 0.161817130626
0.824786324786 0.0818070818071 0.0899031811895 0.175711175517
0.862026862027 0.0610500610501 0.0743115805356 0.133054707573
0.863247863248 0.0610500610501 0.0716710675217 0.132262224598
0.810134310134 0.0891330891331 0.101974097825 0.188069430134
0.858974358974 0.0628815628816 0.0748145353954 0.138160817898
0.81684981685 0.0830280830281 0.0982019363762 0.181437705733
0.837606837607 0.0702075702076 0.0931723877782 0.159590591797
0.789377289377 0.0970695970696 0.110650069156 0.209785253484
0.785714285714 0.101953601954 0.109015465862 0.212394022533
0.794261294261 0.0976800976801 0.103608701119 0.204235983284
0.871184371184 0.0592185592186 0.0672702124984 0.125249779912
0.840659340659 0.0738705738706 0.0843706777317 0.157220090321
0.874236874237 0.0586080586081 0.0636237897649 0.1219562288
0.838827838828 0.0744810744811 0.0866339746008 0.157375683497
0.836385836386 0.0738705738706 0.0899031811895 0.159802676454
0.783272283272 0.101343101343 0.11303910474 0.214517247874
0.814407814408 0.0830280830281 0.102980007544 0.183203070004
0.869963369963 0.0549450549451 0.0746887966805 0.126789826959
0.847374847375 0.0677655677656 0.083616245442 0.151513248059
0.784493284493 0.100732600733 0.112661888595 0.212622362832
0.874236874237 0.0543345543346 0.0701622029423 0.122117349647
0.800366300366 0.0952380952381 0.0993335848108 0.198646243908
0.861416361416 0.0641025641026 0.070916635232 0.135054847381
0.791819291819 0.0976800976801 0.106626430278 0.207163765287
0.807692307692 0.0848595848596 0.109392682007 0.191918887713
0.884615384615 0.0537240537241 0.0602288444612 0.115177506567
0.862026862027 0.0628815628816 0.0704136803722 0.134428630475
0.800976800977 0.0897435897436 0.108638249717 0.199517163509
0.796703296703 0.0934065934066 0.11303910474 0.202025408563
0.863858363858 0.0622710622711 0.0697849867974 0.132255189832
0.797924297924 0.0909645909646 0.111530240161 0.200388044126
0.842490842491 0.0683760683761 0.091034829624 0.155812709814
0.785714285714 0.0995115995116 0.11303910474 0.21115348168
0.781440781441 0.101953601954 0.117314221049 0.215975862944
0.847374847375 0.0683760683761 0.0827360744373 0.15158059566
0.785103785104 0.101343101343 0.110272853011 0.213259752157
0.856532356532 0.0628815628816 0.0788381742739 0.140492812744
0.876068376068 0.0579975579976 0.0650069156293 0.120350942757
0.873015873016 0.0573870573871 0.065887086634 0.123821983517
0.855921855922 0.0628815628816 0.0798440839935 0.141750466778
0.791819291819 0.0989010989011 0.105243304413 0.206215405072
0.855311355311 0.0659340659341 0.0777065258393 0.140879148718
0.789987789988 0.0964590964591 0.110650069156 0.209448548803
0.838217338217 0.0750915750916 0.0844964164466 0.15954326537
0.869963369963 0.0561660561661 0.070790896517 0.128881900177
0.876678876679 0.0531135531136 0.0685275996479 0.120339128104
0.888888888889 0.0500610500611 0.0602288444612 0.108315872551
0.785103785104 0.101343101343 0.110524330441 0.213207253703
0.856532356532 0.0665445665446 0.0745630579655 0.13918833221
0.806471306471 0.0866910866911 0.107758078712 0.193625205814
0.813797313797 0.0842490842491 0.101722620395 0.183886771969
0.819291819292 0.0836385836386 0.0946812523576 0.178516325944
0.860195360195 0.0634920634921 0.0725512385263 0.13757525251
0.814407814408 0.0836385836386 0.102477052685 0.182992211235
0.808913308913 0.0866910866911 0.105243304413 0.188843262941
0.789377289377 0.0958485958486 0.11278762731 0.210719405492
0.861416361416 0.0610500610501 0.0748145353954 0.133734728984
0.790598290598 0.0970695970696 0.108889727147 0.208571876829
0.814407814408 0.0873015873016 0.0951842072174 0.183440203313
0.847985347985 0.0689865689866 0.080975732428 0.15098039311
0.856532356532 0.0653235653236 0.0770778322646 0.138089124979
0.85409035409 0.0671550671551 0.0767006161197 0.143679723762
0.785714285714 0.100122100122 0.111153024016 0.212926360692
0.836996336996 0.0750915750916 0.0878913617503 0.159206503688
0.797313797314 0.0921855921856 0.108512511002 0.201281712128
0.816239316239 0.0830280830281 0.10109392682 0.18092110369
0.886446886447 0.0518925518926 0.0613604928958 0.110840659887
0.826617826618 0.0775335775336 0.0979504589463 0.169444257128
0.799145299145 0.0897435897436 0.110398591726 0.201002694931
0.840659340659 0.0714285714286 0.0862567584559 0.1562744673
0.781440781441 0.101343101343 0.116308311329 0.216763032583
0.827838827839 0.0757020757021 0.0971960266566 0.168342818219
0.781440781441 0.101953601954 0.115805356469 0.216588536816
0.892551892552 0.0482295482295 0.0606060606061 0.105847414624
0.891330891331 0.0494505494505 0.0596001508865 0.1065474229
0.884004884005 0.0537240537241 0.060731799321 0.115857527979
0.876678876679 0.0555555555556 0.0661385640639 0.119102053466
0.827838827839 0.0763125763126 0.0958129007922 0.168581130634
0.82967032967 0.0775335775336 0.0900289199044 0.166222747169
0.807081807082 0.0848595848596 0.110398591726 0.193044784623
0.789987789988 0.103785103785 0.103231484974 0.206442695084
0.850427350427 0.0665445665446 0.0817301647177 0.147881766575
0.876068376068 0.0543345543346 0.068401860933 0.120270133403
0.791819291819 0.102564102564 0.101471142965 0.206337568593
0.794261294261 0.0921855921856 0.115679617754 0.204460512835
0.867521367521 0.0567765567766 0.0756947064001 0.130944953419
0.847374847375 0.0689865689866 0.0814786872878 0.151939146445
0.811355311355 0.0909645909646 0.0960643782221 0.187321411367
0.834554334554 0.0744810744811 0.0897774424745 0.16367675851
0.874236874237 0.0573870573871 0.0648811769144 0.123270477446
0.838827838828 0.0720390720391 0.0901546586194 0.156536197965
0.827228327228 0.0757020757021 0.0980761976613 0.169960672193
0.818070818071 0.0885225885226 0.0953099459324 0.182386896013
0.782661782662 0.100732600733 0.115805356469 0.215335116605
0.808302808303 0.0860805860806 0.103482962404 0.192618032903
0.79242979243 0.103174603175 0.0989563686659 0.205993943172
0.842490842491 0.0677655677656 0.0944297749277 0.155815398533
0.85409035409 0.0653235653236 0.0787124355589 0.14451134392
0.887057387057 0.0494505494505 0.0629950961901 0.113308983765
0.796092796093 0.0915750915751 0.115302401609 0.202656162635
0.849816849817 0.0683760683761 0.0779580032692 0.148457959974
0.835164835165 0.0726495726496 0.0909090909091 0.163734203737
0.826617826618 0.0787545787546 0.0950584685025 0.169430921247
0.871184371184 0.0610500610501 0.0656356092041 0.126386464943
0.869352869353 0.0573870573871 0.0712938513768 0.128090585253
0.786935286935 0.100122100122 0.109644159437 0.20893807986
0.827228327228 0.0805860805861 0.0896517037596 0.174242549426
0.855311355311 0.0671550671551 0.0749402741104 0.142466347107
0.838217338217 0.0738705738706 0.0894002263297 0.156688646672
0.877289377289 0.0555555555556 0.065761347919 0.12125123424
0.870573870574 0.0549450549451 0.073431409531 0.1259219236
0.801587301587 0.0897435897436 0.107003646423 0.198652651884
0.885225885226 0.0506715506716 0.0634980510499 0.113047117819
0.85409035409 0.0647130647131 0.0804727775682 0.144622010541
0.816239316239 0.0842490842491 0.0973217653716 0.181028134446
0.798534798535 0.0982905982906 0.0999622783855 0.198239461983
0.842490842491 0.0689865689866 0.0890230101848 0.156001698915
0.836996336996 0.0732600732601 0.091160568339 0.158722238406
0.827838827839 0.0769230769231 0.0940525587828 0.167806847449
0.887057387057 0.0494505494505 0.0642524833396 0.110983553802
0.874847374847 0.0537240537241 0.0687790770778 0.122202981887
0.848595848596 0.0689865689866 0.0792153904187 0.150015679207
0.785714285714 0.100732600733 0.110272853011 0.212092764287
0.869352869353 0.0567765567766 0.0721740223815 0.127384332443
0.840659340659 0.0708180708181 0.0901546586194 0.155968488785
0.788156288156 0.0958485958486 0.116056833899 0.211750874315
0.784493284493 0.100732600733 0.113164843455 0.211661187667
0.813186813187 0.0873015873016 0.0958129007922 0.186664256137
0.82905982906 0.0787545787546 0.0916635231988 0.166968957018
0.877289377289 0.0525030525031 0.0699107255124 0.120684476998
0.856532356532 0.0634920634921 0.0783352194141 0.141363272445
0.8778998779 0.0549450549451 0.0638752671948 0.118930217734
0.879120879121 0.0549450549451 0.0645039607695 0.11715052805
0.889499389499 0.0494505494505 0.0602288444612 0.107846709909
0.838217338217 0.0726495726496 0.0897774424745 0.159194359391
0.855921855922 0.0653235653236 0.0777065258393 0.139538193766
0.87851037851 0.0531135531136 0.0685275996479 0.119546695598
0.783272283272 0.100732600733 0.113667798315 0.215320180969
0.825396825397 0.0818070818071 0.0897774424745 0.174668340485
0.886446886447 0.0543345543346 0.0587199798818 0.111508030776
0.885225885226 0.0512820512821 0.0622406639004 0.113126936679
0.857142857143 0.0653235653236 0.0750660128253 0.138651296411
0.869963369963 0.0555555555556 0.0740601031057 0.128296465985
0.888278388278 0.0494505494505 0.0619891864705 0.108783617141
0.839438339438 0.0683760683761 0.0941782974978 0.159755901946
0.789377289377 0.104395604396 0.103105746259 0.20859009926
0.840659340659 0.0671550671551 0.0940525587828 0.159882882595
0.800976800977 0.0909645909646 0.105117565698 0.198705286192
0.886446886447 0.0494505494505 0.0642524833396 0.113842339009
0.838827838828 0.0726495726496 0.0882685778951 0.158176611296
0.785714285714 0.103174603175 0.107506601283 0.212741198822
0.79242979243 0.0989010989011 0.104111655979 0.206958455099
0.791208791209 0.0976800976801 0.107883817427 0.207697120531
0.835164835165 0.0720390720391 0.0932981264931 0.162300593909
0.827838827839 0.0775335775336 0.0927951716333 0.168826235819
0.786324786325 0.0970695970696 0.117439959764 0.213828746137
0.888888888889 0.0494505494505 0.060731799321 0.108250261897
0.836385836386 0.0738705738706 0.0877656230353 0.160167751859
0.888278388278 0.0500610500611 0.060731799321 0.108995893962
0.805860805861 0.0891330891331 0.10184835911 0.192857613483
0.876068376068 0.0531135531136 0.0692820319376 0.121209353919
0.85409035409 0.0665445665446 0.0768263548347 0.144740503951
0.859584859585 0.0628815628816 0.0748145353954 0.136636987768
0.848595848596 0.0671550671551 0.0827360744373 0.149426231443
0.860805860806 0.0610500610501 0.07594618383 0.135853097623
0.797313797314 0.0909645909646 0.112536149881 0.201592007745
0.871184371184 0.0567765567766 0.0701622029423 0.126309457809
0.860805860806 0.0616605616606 0.0755689676852 0.13418968342
0.804029304029 0.0891330891331 0.103734439834 0.195801955701
0.852869352869 0.0641025641026 0.0844964164466 0.144053050021
0.891941391941 0.0482295482295 0.060857538036 0.105719709473
0.887667887668 0.0525030525031 0.0590971960267 0.110690597695
0.783272283272 0.101953601954 0.112536149881 0.214475210069
0.801587301587 0.0934065934066 0.100716710675 0.197337698752
0.882173382173 0.0525030525031 0.0651326543443 0.11652839599
0.783882783883 0.100122100122 0.114422230605 0.214560340698
0.82967032967 0.0769230769231 0.0912863070539 0.166419397732
0.82967032967 0.0757020757021 0.0932981264931 0.16735625021
0.808913308913 0.0873015873016 0.10184835911 0.190653350448
0.860805860806 0.0604395604396 0.0774550484094 0.135320074546
0.811965811966 0.0873015873016 0.0956871620772 0.188220163295
0.847985347985 0.0683760683761 0.0813529485729 0.151142524435
0.79242979243 0.0982905982906 0.104488872124 0.205760450636
0.836385836386 0.0732600732601 0.0895259650446 0.160643135024
0.885225885226 0.0525030525031 0.0618634477556 0.112266313363
0.889499389499 0.04884004884 0.060731799321 0.107781099255
0.82905982906 0.0781440781441 0.0900289199044 0.166970641736
0.863858363858 0.0586080586081 0.0750660128253 0.134934388788
0.856532356532 0.0653235653236 0.0746887966805 0.141374500027
0.822344322344 0.0824175824176 0.0940525587828 0.175511678723
0.830280830281 0.0769230769231 0.0900289199044 0.165753584527
0.806471306471 0.0860805860806 0.109769898152 0.192658085262
0.860805860806 0.0641025641026 0.0719225449516 0.13524470689
0.808913308913 0.0848595848596 0.110021375582 0.190732959677
0.862637362637 0.0604395604396 0.0754432289702 0.133335057195
0.826007326007 0.0787545787546 0.096190116937 0.171309868168
0.860805860806 0.0628815628816 0.073305670816 0.134984556268
0.82905982906 0.0769230769231 0.0922922167735 0.167677051766
0.871794871795 0.0567765567766 0.0701622029423 0.125749897568
0.815628815629 0.0830280830281 0.101219665535 0.181989693349
0.836385836386 0.0750915750916 0.086131019741 0.159894615778
0.875457875458 0.0537240537241 0.0680246447881 0.121301497687
0.826617826618 0.0781440781441 0.093675342638 0.170469447509
0.835775335775 0.0702075702076 0.0969445492267 0.164102641912
0.826007326007 0.0769230769231 0.0983276750912 0.170249461724
0.815628815629 0.0854700854701 0.0960643782221 0.181577115948
0.813186813187 0.0842490842491 0.103860178549 0.184178177028
0.782051282051 0.101343101343 0.115805356469 0.215840642249
0.798534798535 0.0982905982906 0.0993335848108 0.199845312768
0.887667887668 0.0512820512821 0.0601031057463 0.109838142001
0.827228327228 0.0757020757021 0.0982019363762 0.1696778484
0.857753357753 0.0641025641026 0.0740601031057 0.139392083313
0.816239316239 0.0824175824176 0.0965673330819 0.18474383955
0.847374847375 0.0689865689866 0.0821073808626 0.151873948294
0.855921855922 0.0628815628816 0.0805985162832 0.141603800611
0.79304029304 0.0970695970696 0.105494781843 0.206297164549
0.797313797314 0.0909645909646 0.113667798315 0.201259159068
0.884615384615 0.0512820512821 0.0627436187602 0.113809220592
0.80525030525 0.0915750915751 0.10059097196 0.191418364339
0.783882783883 0.101953601954 0.110524330441 0.214954248118
0.848595848596 0.0683760683761 0.0800955614234 0.150606906689
0.870573870574 0.0586080586081 0.0660128253489 0.126916399835
0.836996336996 0.0750915750916 0.0858795423111 0.161849916108
0.785103785104 0.102564102564 0.109015465862 0.211900115505
0.815018315018 0.0854700854701 0.0973217653716 0.182245191656
0.816239316239 0.0848595848596 0.0968188105118 0.180963549641
0.87851037851 0.0549450549451 0.0631208349051 0.118028733534
0.830891330891 0.0763125763126 0.0900289199044 0.165425654368
0.809523809524 0.0897435897436 0.0979504589463 0.190579951855
0.887667887668 0.04884004884 0.0641267446247 0.110186931791
0.869352869353 0.0549450549451 0.0754432289702 0.127691311159
0.807692307692 0.0854700854701 0.111278762731 0.191726703041
0.869963369963 0.0561660561661 0.0720482836665 0.127474039019
0.842490842491 0.0708180708181 0.0858795423111 0.154206878983
0.815018315018 0.0854700854701 0.0980761976613 0.182098525488
0.788766788767 0.0976800976801 0.111404501446 0.211873369712
0.886446886447 0.0518925518926 0.0606060606061 0.111263795477
0.868131868132 0.0592185592186 0.0699107255124 0.128510648129
0.847985347985 0.0683760683761 0.0814786872878 0.150107670907
0.873015873016 0.0549450549451 0.0694077706526 0.124094576604
0.835164835165 0.0793650793651 0.0858795423111 0.164046837604
0.885225885226 0.0525030525031 0.060731799321 0.114642733272
0.827228327228 0.0769230769231 0.0959386395071 0.168607426881
0.808913308913 0.0860805860806 0.102225575255 0.192084677658
0.855311355311 0.0653235653236 0.0775807871244 0.143334888461
0.799145299145 0.0921855921856 0.106877907708 0.199284614226
0.813186813187 0.0836385836386 0.104237394694 0.184614515274
0.783272283272 0.101953601954 0.111781717591 0.215487603362
0.79242979243 0.103174603175 0.0997108009556 0.205739628544
0.877289377289 0.0543345543346 0.0666415189237 0.121688854292
0.807692307692 0.0903540903541 0.0970702879417 0.192756772025
0.826617826618 0.0775335775336 0.0956871620772 0.17002366732
0.862637362637 0.0622710622711 0.0704136803722 0.13368299841
0.811355311355 0.0879120879121 0.0969445492267 0.187832881601
0.807692307692 0.0842490842491 0.108889727147 0.192682634337
0.826007326007 0.0769230769231 0.0982019363762 0.170949987423
0.814407814408 0.0836385836386 0.0970702879417 0.186693106466
0.888278388278 0.0500610500611 0.0603545831762 0.111225647703
0.844322344322 0.0708180708181 0.0848736325915 0.153051040666
0.860805860806 0.0634920634921 0.0716710675217 0.135709880286
0.857142857143 0.0634920634921 0.0765748774048 0.14012208912
0.785103785104 0.100122100122 0.111655978876 0.213893017445
0.879120879121 0.0525030525031 0.0685275996479 0.117729212765
0.852869352869 0.0647130647131 0.0822331195775 0.145415422788
0.813186813187 0.0842490842491 0.103105746259 0.184324843195
0.791819291819 0.102564102564 0.101219665535 0.207161612425
0.814407814408 0.0824175824176 0.104237394694 0.185302039149
0.888278388278 0.0494505494505 0.0614862316107 0.109151746096
0.879731379731 0.0537240537241 0.0666415189237 0.117460281154
0.78083028083 0.101953601954 0.117314221049 0.218160950521
0.89010989011 0.0494505494505 0.0597258896014 0.107885660382
0.783882783883 0.101343101343 0.111530240161 0.213638134394
0.857142857143 0.0641025641026 0.0756947064001 0.140861008618
0.839438339438 0.0708180708181 0.0890230101848 0.158162483501
0.865079365079 0.0616605616606 0.0689048157928 0.131624923537
0.801587301587 0.0891330891331 0.108135294857 0.198359329238
0.874847374847 0.0555555555556 0.0668929963536 0.121550667491
0.813797313797 0.0842490842491 0.10184835911 0.18365902999
0.796092796093 0.0940170940171 0.109392682007 0.203307510649
0.827228327228 0.0763125763126 0.0971960266566 0.169090712786
0.871794871795 0.0586080586081 0.0672702124984 0.124921849752
0.813797313797 0.0836385836386 0.102980007544 0.183672232646
0.82905982906 0.0763125763126 0.0926694329184 0.167836920589
0.844322344322 0.0683760683761 0.0875141456054 0.153683051244
0.852258852259 0.0659340659341 0.0812272098579 0.145374825964
0.885836385836 0.0525030525031 0.0606060606061 0.111732958119
0.851037851038 0.0689865689866 0.0773293096945 0.147491565307
0.839438339438 0.0757020757021 0.0828618131523 0.158109868003
0.858974358974 0.0616605616606 0.0789639129888 0.136874247881
0.89072039072 0.0482295482295 0.0613604928958 0.108139790979
0.871794871795 0.0592185592186 0.0653841317742 0.125274248585
0.785103785104 0.100732600733 0.111153024016 0.213994991101
0.857142857143 0.0616605616606 0.0804727775682 0.140335753456
0.856532356532 0.0622710622711 0.0798440839935 0.141002572211
0.889499389499 0.0506715506716 0.0592229347416 0.108699165603
0.874847374847 0.0561660561661 0.065761347919 0.124435191121
0.798534798535 0.0927960927961 0.106877907708 0.199753776868
0.858974358974 0.0610500610501 0.0794668678486 0.136806374725
0.787545787546 0.0958485958486 0.117188482334 0.21199172377
0.783272283272 0.100732600733 0.114422230605 0.21506360384
0.874847374847 0.0567765567766 0.0647554381994 0.122357142983
0.802197802198 0.0903540903541 0.103608701119 0.197831269654
0.855311355311 0.0622710622711 0.0823588582925 0.142621705067
0.828449328449 0.0763125763126 0.0946812523576 0.167889281836
0.872405372405 0.0586080586081 0.0653841317742 0.124526354018
0.794871794872 0.0921855921856 0.116308311329 0.20372411217
0.882783882784 0.0512820512821 0.0662643027788 0.116266043075
0.838217338217 0.0738705738706 0.0858795423111 0.160632858899
0.846153846154 0.0677655677656 0.0855023261662 0.150891846048
0.798534798535 0.0989010989011 0.100716710675 0.197813685685
0.835775335775 0.0720390720391 0.093549603923 0.161535269917
0.868742368742 0.0579975579976 0.0694077706526 0.130749353076
0.824786324786 0.0793650793651 0.0956871620772 0.173538321714
0.879120879121 0.0525030525031 0.0666415189237 0.120510445533
0.80525030525 0.0915750915751 0.0992078460958 0.194216561761
0.838827838828 0.0738705738706 0.0870111907456 0.157299463974
0.859584859585 0.0604395604396 0.0794668678486 0.136754913989
0.87851037851 0.0494505494505 0.073431409531 0.120045431565
0.849206349206 0.0671550671551 0.0814786872878 0.148892876199
0.84126984127 0.0702075702076 0.0900289199044 0.155460714653
0.871184371184 0.0549450549451 0.0728027159562 0.127161490139
0.851037851038 0.0677655677656 0.0774550484094 0.14730877592
0.805860805861 0.0934065934066 0.0966930717968 0.192285320424
0.815018315018 0.0836385836386 0.10084244939 0.18221745726
0.786935286935 0.0995115995116 0.115428140324 0.210478341274
0.861416361416 0.0628815628816 0.0719225449516 0.135305481454
0.827228327228 0.0787545787546 0.0917892619137 0.169062108417
0.865079365079 0.0579975579976 0.0753174902552 0.13311019454
0.888278388278 0.04884004884 0.0628693574752 0.109653576547
0.821733821734 0.0818070818071 0.0976989815164 0.175828312503
0.860805860806 0.0622710622711 0.0735571482459 0.135499749419
0.87851037851 0.0525030525031 0.0692820319376 0.118630696964
0.877289377289 0.0549450549451 0.0670187350685 0.12093852923
0.790598290598 0.103174603175 0.102602791399 0.207227070936
0.845543345543 0.0695970695971 0.0848736325915 0.15159480064
0.789987789988 0.100732600733 0.107506601283 0.207099683698
0.846764346764 0.0677655677656 0.0849993713064 0.150211824638
0.825396825397 0.0769230769231 0.098830629951 0.170929483136
0.799145299145 0.0946275946276 0.105117565698 0.198084230119
0.785103785104 0.100732600733 0.111404501446 0.21209127009
0.847374847375 0.0665445665446 0.086131019741 0.151636591782
0.830280830281 0.0763125763126 0.0909090909091 0.165609439824
0.827228327228 0.0781440781441 0.0926694329184 0.169799609863
0.786935286935 0.0964590964591 0.117188482334 0.212460886412
0.860195360195 0.0634920634921 0.073305670816 0.135312486427
0.78083028083 0.103785103785 0.115805356469 0.218354739313
0.885225885226 0.0531135531136 0.0612347541808 0.111631008932
0.825396825397 0.0775335775336 0.0975732428015 0.171009301996
0.785714285714 0.101953601954 0.109769898152 0.211416744657
0.796703296703 0.0909645909646 0.11379353703 0.202257820949
0.827838827839 0.0757020757021 0.0969445492267 0.168726791251
0.89072039072 0.0494505494505 0.0592229347416 0.107484370896
0.858363858364 0.0622710622711 0.0783352194141 0.137538804134
0.809523809524 0.0891330891331 0.0975732428015 0.190798314909
0.873626373626 0.0561660561661 0.0671444737835 0.123287728356
0.863247863248 0.0622710622711 0.0701622029423 0.133633108077
0.794261294261 0.0940170940171 0.108386772287 0.206461171729
0.846764346764 0.0695970695971 0.0814786872878 0.152540767049
0.82967032967 0.0769230769231 0.0905318747642 0.166433605938
0.804029304029 0.0927960927961 0.105746259273 0.194751364327
0.815018315018 0.0842490842491 0.10159688168 0.181405630075
0.782661782662 0.100732600733 0.117314221049 0.214758805735
0.81746031746 0.0830280830281 0.0984534138061 0.180754526268
0.796092796093 0.0909645909646 0.115428140324 0.202604993684
0.848595848596 0.0665445665446 0.0839934615868 0.149764114489
0.860195360195 0.0628815628816 0.0735571482459 0.136247643986
0.823565323565 0.0830280830281 0.0902803973343 0.176563156602
0.876678876679 0.0549450549451 0.0680246447881 0.120619555142
0.869352869353 0.0634920634921 0.0677731673582 0.12776888111
0.807081807082 0.0866910866911 0.106752168993 0.192591823754
0.81684981685 0.0842490842491 0.0960643782221 0.180362321242
0.861416361416 0.0616605616606 0.0743115805356 0.133800339638
0.836996336996 0.0726495726496 0.0906576134792 0.159679142507
0.872405372405 0.0573870573871 0.0667672576386 0.12561957061
0.838217338217 0.0714285714286 0.0920407393436 0.157598767808
0.854700854701 0.0641025641026 0.080975732428 0.143670385809
0.857142857143 0.0641025641026 0.0758204451151 0.14063552914
0.849816849817 0.0659340659341 0.083616245442 0.149052568286
0.782661782662 0.100732600733 0.114925185465 0.215985994174
0.868131868132 0.0622710622711 0.0670187350685 0.129299502248
0.840048840049 0.0732600732601 0.0880171004652 0.156635552665
0.884615384615 0.0531135531136 0.060731799321 0.115111895914
0.818070818071 0.0891330891331 0.0949327297875 0.181974685082
0.802808302808 0.0970695970696 0.0970702879417 0.194186671962
0.781440781441 0.102564102564 0.11479944675 0.217144309372
0.843101343101 0.0702075702076 0.0858795423111 0.153737716341
0.848595848596 0.0695970695971 0.0779580032692 0.149951486605
0.866910866911 0.0592185592186 0.0711681126619 0.130184100188
0.860805860806 0.0604395604396 0.0777065258393 0.134991377467
0.887667887668 0.0506715506716 0.0603545831762 0.11197354227
0.815628815629 0.0824175824176 0.102980007544 0.181848464645
0.860195360195 0.0616605616606 0.076071922545 0.13473724687
0.781440781441 0.101953601954 0.11505092418 0.216975309404
0.8663003663 0.0610500610501 0.0720482836665 0.130836671099
0.810134310134 0.0873015873016 0.0997108009556 0.190144468551
0.884615384615 0.0500610500611 0.0656356092041 0.114594443932
0.785103785104 0.101953601954 0.109015465862 0.213016572673
0.888278388278 0.0525030525031 0.0588457185968 0.109795330609
0.893772893773 0.0482295482295 0.0588457185968 0.105032790488
0.868742368742 0.0592185592186 0.0705394190871 0.126345539545
0.807692307692 0.0885225885226 0.102477052685 0.192112087944
0.855921855922 0.0677655677656 0.0746887966805 0.140875493676
0.872405372405 0.0598290598291 0.0652583930592 0.123606089615
0.783882783883 0.100122100122 0.11479944675 0.213269861319
0.882783882784 0.0506715506716 0.0675216899283 0.116460431136
0.874236874237 0.0567765567766 0.0653841317742 0.124716357686
0.824175824176 0.0824175824176 0.0899031811895 0.176456807582
0.888888888889 0.0494505494505 0.0614862316107 0.10810359573
0.893772893773 0.0482295482295 0.0593486734566 0.104852682032
0.784493284493 0.101953601954 0.109518420722 0.213850771466
0.809523809524 0.0940170940171 0.0975732428015 0.189064924171
0.815018315018 0.0836385836386 0.102854268829 0.182019982543
0.821123321123 0.0799755799756 0.10235131397 0.176408889346
0.885225885226 0.0506715506716 0.0627436187602 0.113061326025
0.834554334554 0.0732600732601 0.0950584685025 0.161808092354
0.810744810745 0.0830280830281 0.109015465862 0.189563026482
0.876678876679 0.0573870573871 0.0638752671948 0.120208760007
0.889499389499 0.04884004884 0.0614862316107 0.107634433088
0.827838827839 0.0744810744811 0.10159688168 0.171298628872
0.846764346764 0.0677655677656 0.0848736325915 0.152044340801
0.847985347985 0.0677655677656 0.0826103357224 0.151336912495
0.807081807082 0.0897435897436 0.10059097196 0.193251572422
0.789377289377 0.0964590964591 0.112410411166 0.209338250725
0.886446886447 0.0500610500611 0.0622406639004 0.111912141973
0.884004884005 0.0512820512821 0.0640010059097 0.114340313334
0.888888888889 0.0482295482295 0.0628693574752 0.109184413906
0.870573870574 0.0598290598291 0.0653841317742 0.128226352501
0.872405372405 0.0592185592186 0.0677731673582 0.123751917845
0.797924297924 0.0921855921856 0.108638249717 0.200497990881
0.860195360195 0.0610500610501 0.0770778322646 0.13607816063
0.808302808303 0.0879120879121 0.103608701119 0.188867864268
0.869352869353 0.0561660561661 0.073431409531 0.127589757528
0.833943833944 0.0769230769231 0.0882685778951 0.163156061211
0.796092796093 0.0915750915751 0.110775807871 0.204056783472
0.848595848596 0.0695970695971 0.0787124355589 0.149804820438
0.886446886447 0.0494505494505 0.0655098704891 0.111649367007
0.788156288156 0.100122100122 0.107380862568 0.209602316845
0.838827838828 0.0708180708181 0.0895259650446 0.158842504912
0.81684981685 0.0848595848596 0.0955614233623 0.180151462473
0.847985347985 0.0665445665446 0.0848736325915 0.150829546094
0.836996336996 0.0738705738706 0.0901546586194 0.159017327987
0.868131868132 0.0604395604396 0.0685275996479 0.131329627174
0.794871794872 0.0915750915751 0.115553879039 0.203940360246
0.826617826618 0.0763125763126 0.0985791525211 0.169821858553
0.818070818071 0.0818070818071 0.10084244939 0.179939796198
0.81746031746 0.0842490842491 0.0955614233623 0.17968229983
0.826617826618 0.0781440781441 0.0940525587828 0.170105223128
0.839438339438 0.0702075702076 0.0948069910726 0.15769532378
0.81684981685 0.0842490842491 0.0968188105118 0.180348113036