0.00110483419226 0.149519859635 5.80008088153e-05 0.0804289544236
0.000407659726906 0.0580385439506 3.31012170458e-05 0.268096514745
0.00025500727335 0.0720981356049 0.00011821131772 0.214477211796
0.000798636290682 0.0823097986844 0.000122256005953 0.0
0.000984325127293 0.0746714733964 4.65527226718e-05 0.107238605898
0.000971265327344 0.0870509680712 8.64056492553e-05 0.0
0.00272039101947 0.144935735532 3.7905331276e-05 0.134048257373
0.000755808599522 0.098283378552 6.76844033661e-05 0.187667560322
0.000408618047164 0.082842988924 0.000156588818441 0.0268096514745
0.000657364864874 0.132152578602 9.91539463739e-05 0.0268096514745
0.00103495767303 0.110890150591 6.74039187647e-05 0.0
0.000668891464739 0.0764010333532 0.000148504147338 0.187667560322
0.0011462799401 0.147065721397 6.40874136606e-05 0.0804289544236
