~~~
0.0 380.0 503.0 2566.0 10165.7747239
0.0 265.0 566.0 2788.0 11289.1991884
0.0 856.0 270.0 1363.0 5375.03850148
0.0 772.0 301.0 1630.0 6213.87641302
0.0 916.0 233.0 1262.0 4722.0493674
0.0 656.0 371.0 1874.0 7359.73625296
0.0 1390.0 1.0 21.0 49.3339271506
0.0 603.0 402.0 1978.0 7950.574647
0.0 1265.0 68.0 335.0 1267.22016782
0.0 873.0 259.0 1340.0 5199.49279961
0.0 1279.0 60.0 310.0 1095.02676992
0.0 261.0 557.0 2888.0 11415.9911726
0.0 266.0 557.0 2907.0 11330.0413943
0.0 914.0 248.0 1176.0 4848.89632297
0.0 806.0 284.0 1514.0 5897.74284415
0.0 1377.0 6.0 36.0 174.570220343
0.0 412.0 489.0 2307.0 9771.60522631
0.0 236.0 572.0 2942.0 11647.3431363
0.0 245.0 561.0 2974.0 11540.8679966
0.0 796.0 311.0 1439.0 6000.22672886
0.0 691.0 348.0 1751.0 6996.90825011
0.0 1181.0 108.0 545.0 2087.80446163
0.0 804.0 285.0 1533.0 5890.27359638
0.0 1000.0 193.0 1025.0 3945.31071747
0.0 1191.0 101.0 543.0 2019.67517568
0.0 845.0 269.0 1445.0 5499.22183218
0.0 886.0 253.0 1309.0 5043.3184631
0.0 498.0 441.0 2267.0 9029.15496025
0.0 279.0 550.0 2813.0 11201.7782373
0.0 1051.0 173.0 897.0 3378.8272184
0.0 777.0 304.0 1611.0 6185.88529697
0.0 1044.0 166.0 917.0 3501.74027535
0.0 623.0 392.0 1881.0 7750.73007282
0.0 787.0 301.0 1496.0 6063.70462778
0.0 570.0 402.0 2087.0 8270.33715258
0.0 292.0 544.0 2753.0 11000.43342
0.0 1125.0 130.0 720.0 2698.65039974
0.0 1390.0 3.0 12.0 44.8177163676
0.0 416.0 486.0 2298.0 9731.66706292
0.0 1048.0 174.0 882.0 3444.86859854
0.0 900.0 246.0 1265.0 4935.11180015
0.0 249.0 569.0 2882.0 11466.6630197
0.0 1081.0 152.0 805.0 3142.7094652
0.0 1329.0 31.0 198.0 647.041729366
0.0 816.0 273.0 1556.0 5740.52122187
0.0 828.0 285.0 1400.0 5687.35337546
0.0 280.0 547.0 2815.0 11212.5787613
0.0 1198.0 97.0 530.0 1933.80984173
0.0 256.0 565.0 2890.0 11417.5597429
0.0 1155.0 115.0 646.0 2365.05848089
0.0 237.0 574.0 2922.0 11631.8961809
0.0 1366.0 13.0 80.0 290.390377879
0.0 262.0 561.0 2838.0 11338.525532
0.0 1187.0 104.0 546.0 2051.11261315
0.0 523.0 429.0 2226.0 8698.77821651
0.0 258.0 554.0 2929.0 11422.0994025
0.0 885.0 240.0 1320.0 5168.2533609
0.0 685.0 355.0 1813.0 7094.36421669
0.0 1178.0 109.0 565.0 2129.45569949
0.0 623.0 382.0 1951.0 7742.3050863
0.0 1265.0 66.0 341.0 1311.38065475
0.0 1239.0 77.0 433.0 1537.92546626
0.0 833.0 276.0 1386.0 5601.37780403
0.0 1389.0 3.0 15.0 54.4446523728
0.0 543.0 426.0 2140.0 8515.34580059
0.0 781.0 309.0 1514.0 6169.07836072
0.0 820.0 281.0 1437.0 5822.00537656
0.0 322.0 532.0 2746.0 10768.7346681
0.0 1033.0 180.0 961.0 3584.05178773
0.0 1136.0 128.0 661.0 2547.02404685
0.0 244.0 562.0 2950.0 11533.909508
0.0 822.0 280.0 1447.0 5733.52461803
0.0 1266.0 60.0 374.0 1263.78214007
0.0 559.0 417.0 2054.0 8340.28547593
0.0 692.0 364.0 1728.0 7077.97026258
0.0 239.0 571.0 2939.0 11614.3176182
0.0 269.0 548.0 2897.0 11293.5907055
0.0 437.0 472.0 2473.0 9625.27558699
0.0 1390.0 2.0 18.0 44.5329666038
0.0 883.0 251.0 1348.0 5142.03930343
0.0 796.0 294.0 1544.0 5964.30223345
0.0 777.0 285.0 1668.0 6176.94112736
0.0 755.0 321.0 1650.0 6454.45578881
0.0 260.0 558.0 2838.0 11403.4815128
0.0 1262.0 63.0 378.0 1288.55890067
0.0 955.0 218.0 1134.0 4406.51012142
0.0 883.0 251.0 1367.0 5102.66050454
0.0 584.0 406.0 1972.0 8189.40262046
0.0 771.0 329.0 1498.0 6254.06133737
0.0 1236.0 81.0 424.0 1560.72766055
0.0 786.0 296.0 1498.0 6032.41526003
0.0 813.0 284.0 1468.0 5820.20252908
0.0 1308.0 40.0 235.0 855.7914566
0.0 781.0 291.0 1597.0 6091.76517682
0.0 236.0 570.0 2954.0 11637.8071666
0.0 404.0 486.0 2577.0 9930.27396879
0.0 234.0 578.0 2921.0 11646.1722842
0.0 535.0 403.0 2146.0 8563.78520579
0.0 1370.0 11.0 75.0 240.6577144
0.0 1344.0 27.0 120.0 499.860194977
0.0 1321.0 41.0 180.0 743.794727119
0.0 841.0 280.0 1384.0 5443.63788283
0.0 1088.0 143.0 819.0 3034.41275069
0.0 515.0 439.0 2183.0 8857.08010217
0.0 586.0 398.0 2096.0 8081.55057078
0.0 833.0 280.0 1379.0 5611.46874745
0.0 769.0 308.0 1604.0 6351.31638388
0.0 828.0 295.0 1345.0 5657.93985158
0.0 237.0 575.0 2922.0 11625.0670185
0.0 815.0 283.0 1477.0 5736.52388724
0.0 579.0 420.0 2001.0 8200.81142963
0.0 1099.0 150.0 774.0 2951.79200263
0.0 827.0 281.0 1482.0 5658.79390841
0.0 1108.0 133.0 790.0 2870.09533171
0.0 280.0 549.0 2800.0 11205.3769265
0.0 564.0 415.0 2081.0 8356.10685655
0.0 875.0 258.0 1368.0 5214.47747235
0.0 1306.0 38.0 274.0 899.352591248
0.0 1383.0 5.0 41.0 129.616273579
0.0 789.0 293.0 1598.0 5986.85223781
0.0 1250.0 74.0 390.0 1419.9298995
0.0 246.0 563.0 2956.0 11519.8296963
0.0 774.0 316.0 1552.0 6224.09655825
0.0 853.0 261.0 1414.0 5383.49857867
0.0 933.0 229.0 1198.0 4676.37147451
0.0 833.0 289.0 1318.0 5676.27580402
0.0 1162.0 113.0 633.0 2282.29812473
0.0 1197.0 96.0 540.0 1947.47158085
0.0 1248.0 74.0 391.0 1451.2803979
0.0 244.0 559.0 2978.0 11554.8203675
0.0 253.0 562.0 2920.0 11493.289215
0.0 844.0 266.0 1374.0 5597.70434858
0.0 807.0 285.0 1500.0 5935.67809234
0.0 775.0 310.0 1543.0 6204.34091555
0.0 411.0 488.0 2317.0 9784.45540157
0.0 742.0 330.0 1617.0 6600.90692946
0.0 1181.0 104.0 570.0 2110.6067855
0.0 294.0 550.0 2669.0 10975.034
0.0 784.0 295.0 1570.0 6100.9435062
0.0 244.0 567.0 2949.0 11538.691472
0.0 956.0 206.0 1195.0 4389.17501113
0.0 807.0 283.0 1549.0 5832.8225554
0.0 966.0 202.0 1174.0 4324.04600198
0.0 1267.0 61.0 362.0 1274.93625272
0.0 755.0 323.0 1571.0 6414.96246726
0.0 251.0 562.0 2930.0 11509.7775775
0.0 984.0 198.0 1065.0 4064.95042303
0.0 721.0 330.0 1753.0 6741.15288943
0.0 268.0 560.0 2794.0 11264.8633611
0.0 813.0 264.0 1571.0 5825.3606549
0.0 309.0 539.0 2710.0 10894.2281381
0.0 600.0 387.0 2017.0 7986.50662216
0.0 288.0 545.0 2852.0 11158.6857509
0.0 253.0 564.0 2887.0 11434.8342335
0.0 824.0 279.0 1491.0 5644.47361649
0.0 442.0 472.0 2457.0 9571.40609827
0.0 949.0 232.0 1132.0 4424.25811732
0.0 903.0 243.0 1248.0 4928.24963564
0.0 901.0 248.0 1197.0 4962.91113341
0.0 862.0 263.0 1389.0 5327.39652931
0.0 425.0 478.0 2461.0 9687.17539283
0.0 639.0 389.0 1719.0 7530.47790126
0.0 512.0 447.0 2184.0 8885.86035744
0.0 273.0 549.0 2875.0 11213.3156629
0.0 506.0 451.0 2234.0 8966.66181229
0.0 814.0 292.0 1406.0 5812.54671171
0.0 1313.0 38.0 235.0 819.701122828
0.0 234.0 577.0 2932.0 11643.826599
0.0 1039.0 178.0 957.0 3549.52895002
0.0 671.0 371.0 1761.0 7233.17449143
0.0 1109.0 136.0 777.0 2843.72041621
0.0 1148.0 123.0 650.0 2418.9098996
0.0 878.0 262.0 1244.0 5178.05853541
0.0 525.0 426.0 2264.0 8695.65033526
0.0 1291.0 50.0 280.0 1008.50474093
0.0 792.0 296.0 1556.0 5989.16048705
0.0 745.0 318.0 1687.0 6486.99484306
0.0 1371.0 12.0 31.0 239.779512209
0.0 812.0 302.0 1375.0 5770.0356873
0.0 831.0 283.0 1400.0 5632.83494704
0.0 1390.0 2.0 13.0 44.6667084067
0.0 321.0 533.0 2746.0 10778.1295098
0.0 254.0 563.0 2887.0 11427.9075546
0.0 1246.0 75.0 391.0 1461.10696102
0.0 256.0 565.0 2858.0 11458.9517017
0.0 1374.0 10.0 34.0 230.25921304
0.0 235.0 570.0 2959.0 11663.1648461
0.0 1161.0 113.0 626.0 2329.57419506
0.0 234.0 575.0 2938.0 11644.9311109
0.0 252.0 563.0 2944.0 11490.0683407
0.0 886.0 250.0 1286.0 5066.59343373
0.0 798.0 306.0 1445.0 5922.40195585
0.0 1229.0 87.0 435.0 1646.82367175
0.0 717.0 325.0 1783.0 6866.52546914
0.0 1338.0 25.0 174.0 571.404075852
0.0 1366.0 12.0 98.0 323.120196728
0.0 1368.0 13.0 75.0 263.466489518
0.0 817.0 277.0 1535.0 5721.25377632
0.0 269.0 554.0 2866.0 11306.8880982
0.0 237.0 571.0 2934.0 11630.8922582
0.0 1328.0 31.0 170.0 656.927169875
0.0 812.0 289.0 1584.0 5810.68029308
0.0 305.0 533.0 2783.0 10918.8868116
0.0 750.0 319.0 1652.0 6493.91028686
0.0 708.0 334.0 1779.0 6878.57942975
0.0 333.0 536.0 2512.0 10546.180817
0.0 808.0 299.0 1408.0 5901.75240985
0.0 743.0 315.0 1690.0 6586.38965301
0.0 932.0 236.0 1174.0 4641.24451608
0.0 839.0 263.0 1457.0 5568.11644261
0.0 1141.0 122.0 690.0 2540.89637343
0.0 1297.0 45.0 310.0 968.797742889
0.0 960.0 204.0 1235.0 4388.07196415
0.0 1012.0 194.0 963.0 3908.87938749
0.0 852.0 267.0 1351.0 5449.07336356
0.0 685.0 353.0 1786.0 7184.1325544
0.0 384.0 498.0 2539.0 10166.8266276
0.0 403.0 494.0 2497.0 9989.22121716
0.0 1375.0 8.0 75.0 186.651304845
0.0 1343.0 23.0 154.0 519.896442724
0.0 607.0 390.0 2022.0 7927.35310639
0.0 247.0 562.0 2948.0 11540.0347049
0.0 288.0 547.0 2803.0 11119.684823
0.0 851.0 249.0 1424.0 5523.95107805
0.0 254.0 560.0 2917.0 11469.8009591
0.0 797.0 287.0 1536.0 5893.95291119
0.0 958.0 218.0 1119.0 4418.18819866
0.0 1136.0 125.0 717.0 2575.59278322
0.0 917.0 236.0 1194.0 4892.14445122
0.0 546.0 424.0 2128.0 8539.58298401
0.0 763.0 307.0 1680.0 6355.58102247
0.0 251.0 563.0 2923.0 11519.0904359
0.0 1370.0 7.0 69.0 254.839334901
0.0 1375.0 8.0 38.0 218.202549358
0.0 693.0 344.0 1840.0 7029.88354107
0.0 632.0 385.0 1925.0 7634.04100976
0.0 559.0 410.0 2122.0 8414.51304993
0.0 1198.0 95.0 544.0 1952.97724248
0.0 1377.0 4.0 53.0 197.706397926
0.0 1040.0 185.0 865.0 3544.49249635
0.0 821.0 301.0 1317.0 5736.52858223
0.0 1046.0 177.0 876.0 3466.34597701
0.0 825.0 281.0 1407.0 5687.16992366
0.0 1373.0 6.0 40.0 207.553835674
0.0 1322.0 32.0 232.0 746.45685589
0.0 705.0 341.0 1763.0 6850.14395635
0.0 813.0 278.0 1592.0 5790.14763005
0.0 808.0 289.0 1435.0 5978.6266503
0.0 281.0 546.0 2864.0 11164.9538455
0.0 760.0 307.0 1672.0 6372.34209551
0.0 1229.0 83.0 455.0 1609.79298382
0.0 825.0 271.0 1506.0 5682.5183638
0.0 286.0 542.0 2867.0 11150.547634
0.0 231.0 579.0 2929.0 11672.744119
0.0 860.0 254.0 1386.0 5395.15470804
0.0 1024.0 193.0 936.0 3693.61075904
0.0 864.0 270.0 1283.0 5413.01872435
0.0 353.0 516.0 2527.0 10362.7530693
0.0 778.0 306.0 1514.0 6172.65582938
0.0 959.0 217.0 1125.0 4368.08573083
0.0 965.0 207.0 1199.0 4297.31677968
0.0 556.0 425.0 2079.0 8447.52144941
0.0 998.0 199.0 973.0 3929.85577224
0.0 817.0 291.0 1459.0 5726.88612341
0.0 1329.0 29.0 222.0 660.593769874
0.0 1065.0 159.0 842.0 3288.46105556
0.0 961.0 226.0 839.0 4277.15299687
0.0 620.0 373.0 2095.0 7776.21142674
0.0 820.0 277.0 1486.0 5833.93165717
0.0 441.0 480.0 2344.0 9563.50592098
0.0 233.0 574.0 2955.0 11666.7440811
0.0 415.0 487.0 2298.0 9745.62607195
0.0 940.0 213.0 1233.0 4582.51954464
0.0 659.0 331.0 1998.0 7293.58772471
0.0 478.0 459.0 2265.0 9138.88985702
0.0 856.0 265.0 1380.0 5378.9913396
0.0 247.0 564.0 2951.0 11524.4849947
0.0 1358.0 19.0 87.0 369.684792437
0.0 1008.0 194.0 1054.0 3844.98397911
0.0 682.0 356.0 1847.0 7177.73288388
0.0 1389.0 4.0 12.0 52.5687080058
0.0 632.0 376.0 1888.0 7639.89083452
0.0 751.0 332.0 1529.0 6500.68575531
0.0 1151.0 118.0 648.0 2414.98446453
0.0 794.0 283.0 1547.0 6033.33470768
0.0 1306.0 41.0 267.0 894.721461992
0.0 411.0 484.0 2513.0 9891.96999863
0.0 526.0 411.0 2157.0 8658.77450254
0.0 273.0 551.0 2862.0 11262.9018811
0.0 278.0 537.0 2923.0 11177.5236393
0.0 997.0 202.0 804.0 3922.66191522
0.0 416.0 487.0 2290.0 9733.19193286
0.0 747.0 322.0 1576.0 6488.23207525
0.0 751.0 323.0 1612.0 6451.50947783
0.0 770.0 304.0 1600.0 6276.84408399
0.0 660.0 368.0 1871.0 7391.11592962
0.0 257.0 568.0 2780.0 11399.0298494
0.0 1352.0 17.0 138.0 429.707917388
0.0 652.0 364.0 1859.0 7458.82899687
0.0 357.0 513.0 2640.0 10490.2088156
0.0 1298.0 45.0 286.0 963.674850544
0.0 1033.0 183.0 933.0 3586.90460326
0.0 532.0 436.0 2199.0 8591.48365325
0.0 1375.0 11.0 40.0 198.339534409
0.0 280.0 552.0 2792.0 11210.9596462
0.0 232.0 578.0 2932.0 11668.7453266
0.0 1194.0 100.0 532.0 1978.93473427
0.0 274.0 557.0 2828.0 11244.248347
0.0 676.0 373.0 1746.0 7187.83814591
0.0 288.0 551.0 2757.0 11108.3887832
0.0 939.0 230.0 1135.0 4515.3420343
0.0 628.0 379.0 1944.0 7677.95716176
0.0 298.0 551.0 2633.0 10929.4353383
0.0 779.0 295.0 1611.0 6199.58734459
0.0 618.0 374.0 2066.0 7775.8063554
0.0 411.0 478.0 2565.0 9939.95031499
0.0 274.0 550.0 2859.0 11279.8205173
0.0 796.0 299.0 1451.0 5917.51144711
0.0 879.0 275.0 1230.0 5221.77630256
0.0 1241.0 78.0 398.0 1516.33260655
0.0 877.0 259.0 1313.0 5220.73542676
0.0 778.0 309.0 1574.0 6156.78825773
0.0 249.0 565.0 2927.0 11524.2397287
0.0 851.0 257.0 1504.0 5379.87272422
0.0 256.0 568.0 2790.0 11409.4466591
0.0 246.0 569.0 2929.0 11511.2534486
0.0 1060.0 165.0 869.0 3305.72854021
0.0 818.0 302.0 1405.0 5765.81859429
0.0 817.0 283.0 1471.0 5860.21952361
0.0 287.0 554.0 2683.0 11055.9882774
0.0 270.0 557.0 2884.0 11256.9496549
0.0 871.0 263.0 1332.0 5299.37265842
0.0 295.0 554.0 2668.0 11000.7113314
0.0 838.0 281.0 1354.0 5616.61972235
0.0 386.0 497.0 2561.0 10084.3488262
0.0 828.0 271.0 1505.0 5676.06595753
0.0 249.0 565.0 2920.0 11528.7490021
0.0 721.0 330.0 1730.0 6839.97336854
0.0 444.0 479.0 2319.0 9600.70904208
0.0 251.0 562.0 2940.0 11490.3154878
0.0 896.0 259.0 1172.0 5028.31180743
0.0 1373.0 5.0 87.0 220.527230569
0.0 1332.0 34.0 138.0 622.926218787
0.0 790.0 303.0 1479.0 6072.47641025
0.0 235.0 575.0 2928.0 11643.6380316
0.0 259.0 566.0 2810.0 11364.6625027
0.0 236.0 572.0 2933.0 11652.0301363
0.0 325.0 537.0 2635.0 10762.7804314
0.0 277.0 552.0 2869.0 11240.5541839
0.0 782.0 313.0 1500.0 6176.47534869
0.0 262.0 557.0 2833.0 11378.4405913
0.0 1123.0 128.0 734.0 2696.18326621
0.0 760.0 313.0 1551.0 6297.72567457
0.0 834.0 303.0 1296.0 5714.37650349
0.0 472.0 454.0 2389.0 9238.67113319
0.0 500.0 450.0 2251.0 9015.51192516
0.0 888.0 258.0 1282.0 5091.6555739
0.0 351.0 515.0 2544.0 10385.3388711
0.0 234.0 576.0 2918.0 11658.2489639
0.0 302.0 550.0 2612.0 10900.3474376
0.0 448.0 476.0 2423.0 9534.75400584
0.0 1239.0 79.0 418.0 1516.52601484
0.0 251.0 565.0 2874.0 11450.0909015
0.0 237.0 576.0 2918.0 11616.2139355
0.0 805.0 300.0 1475.0 5801.90003447
0.0 817.0 280.0 1518.0 5789.05739502
0.0 832.0 244.0 1557.0 5590.1625817
0.0 249.0 563.0 2932.0 11503.7416079
0.0 924.0 236.0 1198.0 4755.58894278
0.0 1370.0 13.0 55.0 246.959406223
0.0 784.0 282.0 1641.0 6094.29775539
0.0 263.0 556.0 2903.0 11381.1630894
0.0 779.0 305.0 1578.0 6178.66695437
0.0 818.0 290.0 1460.0 5728.47957463
0.0 1107.0 137.0 750.0 2818.7393712
0.0 407.0 505.0 2442.0 9919.47493767
0.0 300.0 545.0 2734.0 10996.6580204
0.0 239.0 574.0 2924.0 11602.5546081
0.0 808.0 298.0 1446.0 5883.51319922
0.0 781.0 306.0 1582.0 6167.50287964
0.0 889.0 253.0 1283.0 5087.02178853
0.0 484.0 458.0 2252.0 9113.21502804
0.0 1271.0 61.0 341.0 1223.46600072
0.0 263.0 563.0 2819.0 11326.7059091
0.0 1293.0 47.0 307.0 1007.98295312
0.0 237.0 573.0 2929.0 11643.4178603
0.0 921.0 243.0 1186.0 4716.68353799
0.0 582.0 397.0 2109.0 8119.15429752
0.0 272.0 551.0 2896.0 11277.8684478
0.0 1379.0 8.0 28.0 147.894437702
0.0 1326.0 29.0 214.0 681.476951939
0.0 592.0 412.0 1787.0 7980.65610376
0.0 781.0 313.0 1527.0 6117.865666
0.0 843.0 273.0 1398.0 5511.21822068
0.0 236.0 575.0 2927.0 11634.5420068
0.0 837.0 286.0 1413.0 5518.24785964
0.0 813.0 294.0 1441.0 5832.08318728
0.0 286.0 550.0 2765.0 11139.6676504
0.0 260.0 561.0 2854.0 11361.3699627
0.0 787.0 304.0 1475.0 6039.68620281
0.0 305.0 536.0 2760.0 10933.5080088
0.0 250.0 566.0 2892.0 11456.2593587
0.0 239.0 570.0 2944.0 11601.7634345
0.0 1074.0 160.0 836.0 3194.34623929
0.0 983.0 201.0 1118.0 4138.40581306
0.0 349.0 510.0 2706.0 10521.7326699
0.0 281.0 547.0 2822.0 11189.2077093
0.0 248.0 563.0 2952.0 11496.2652266
0.0 829.0 279.0 1439.0 5691.10718799
0.0 1390.0 2.0 12.0 47.6731521185
0.0 1380.0 6.0 39.0 155.241472306
0.0 808.0 287.0 1526.0 5863.56492765
0.0 669.0 354.0 1861.0 7207.77003629
0.0 1171.0 109.0 607.0 2210.95656658
0.0 1011.0 194.0 1005.0 3817.15862586
0.0 1312.0 41.0 203.0 804.97415667
0.0 977.0 208.0 1084.0 4152.38196711
0.0 1110.0 144.0 738.0 2812.70035258
0.0 672.0 348.0 1868.0 7281.87205406
0.0 798.0 278.0 1592.0 6019.32913661
0.0 1284.0 50.0 324.0 1099.32342876
0.0 732.0 331.0 1636.0 6679.68794741
0.0 1331.0 28.0 203.0 650.90345846
0.0 849.0 269.0 1346.0 5430.99744164
0.0 856.0 284.0 1252.0 5435.35744821
0.0 235.0 577.0 2915.0 11629.232155
0.0 875.0 262.0 1310.0 5241.41650806
0.0 788.0 300.0 1579.0 6016.6430049
0.0 255.0 560.0 2909.0 11433.1771597
0.0 1322.0 34.0 220.0 693.221521873
0.0 1326.0 37.0 147.0 648.554431962
0.0 244.0 569.0 2939.0 11535.4315153
0.0 1276.0 58.0 331.0 1189.96021273
0.0 807.0 293.0 1487.0 5898.08313454
0.0 976.0 216.0 1030.0 4166.94084436
0.0 1389.0 2.0 12.0 57.2468661969
0.0 617.0 391.0 1908.0 7831.55088058
0.0 1226.0 84.0 462.0 1675.1048804
0.0 798.0 311.0 1425.0 5920.45405748
0.0 1014.0 174.0 928.0 3738.05898472
0.0 277.0 564.0 2682.0 11174.5371169
0.0 804.0 269.0 1605.0 5998.00026833
0.0 809.0 256.0 1669.0 5809.8736373
0.0 1383.0 4.0 51.0 129.339262511
0.0 345.0 520.0 2640.0 10548.5153101
0.0 707.0 299.0 1865.0 6824.29807814
0.0 897.0 242.0 1282.0 4914.91371859
0.0 804.0 288.0 1563.0 5883.63255877
0.0 774.0 320.0 1404.0 6075.09036997
0.0 1319.0 39.0 179.0 753.324315044
0.0 1178.0 103.0 578.0 2139.94953596
0.0 433.0 488.0 2415.0 9608.00739466
0.0 1059.0 167.0 876.0 3313.15994535
0.0 812.0 285.0 1446.0 5846.69218135
0.0 232.0 577.0 2930.0 11678.4050654
0.0 870.0 250.0 1415.0 5366.30806806
0.0 1389.0 3.0 14.0 55.4631748801
0.0 415.0 486.0 2520.0 9799.06619224
0.0 708.0 299.0 1859.0 6812.28843915
0.0 987.0 211.0 955.0 4118.75546501
0.0 847.0 263.0 1366.0 5594.97580183
0.0 1064.0 155.0 882.0 3284.7104834
0.0 257.0 557.0 2924.0 11416.0847584
0.0 799.0 279.0 1636.0 5948.65603514
0.0 235.0 573.0 2943.0 11651.5082944
0.0 832.0 269.0 1504.0 5637.45966359
0.0 1311.0 36.0 246.0 815.343994733
0.0 817.0 299.0 1405.0 5780.60851132
0.0 1368.0 13.0 74.0 297.737912056
0.0 807.0 287.0 1533.0 5863.31323197
0.0 1133.0 124.0 715.0 2615.70475776
0.0 842.0 285.0 1342.0 5460.58508314
0.0 1325.0 35.0 209.0 699.455825117
0.0 317.0 530.0 2701.0 10807.6568352
0.0 269.0 552.0 2875.0 11312.7102327
0.0 367.0 506.0 2637.0 10292.7955544
0.0 629.0 388.0 1873.0 7712.07758175
0.0 534.0 404.0 2146.0 8573.737276
0.0 737.0 317.0 1740.0 6600.72334026
0.0 994.0 179.0 1070.0 4003.3879717
0.0 283.0 549.0 2797.0 11172.156683
0.0 990.0 208.0 804.0 3996.95742072
0.0 1320.0 33.0 231.0 759.586877358
0.0 1367.0 12.0 77.0 283.790185448
0.0 906.0 215.0 1312.0 4815.46514689
0.0 727.0 342.0 1666.0 6647.80831782
0.0 279.0 549.0 2879.0 11201.4969831
0.0 846.0 269.0 1444.0 5502.66625876
0.0 656.0 365.0 1839.0 7430.63679541
0.0 252.0 561.0 2935.0 11491.969931
0.0 856.0 274.0 1334.0 5437.27926404
0.0 804.0 295.0 1454.0 5928.90210447
0.0 291.0 548.0 2763.0 11077.8350684
0.0 646.0 370.0 1883.0 7461.58129135
0.0 1060.0 156.0 915.0 3327.90770433
0.0 622.0 389.0 1990.0 7763.39410999
0.0 825.0 268.0 1461.0 5737.72060101
0.0 237.0 570.0 2950.0 11641.3492344
0.0 280.0 545.0 2829.0 11200.2830784
0.0 275.0 561.0 2719.0 11198.0784674
0.0 822.0 288.0 1393.0 5668.13062807
0.0 961.0 205.0 1157.0 4339.3772301
0.0 737.0 332.0 1470.0 6521.88659189
0.0 506.0 441.0 2244.0 8930.12740364
0.0 812.0 290.0 1486.0 5787.84165715
0.0 1388.0 2.0 31.0 67.3943293956
0.0 532.0 423.0 2259.0 8640.38200941
0.0 1013.0 179.0 1026.0 3797.37417447
0.0 642.0 346.0 1971.0 7480.44525757
0.0 263.0 555.0 2902.0 11399.9968466
0.0 279.0 546.0 2894.0 11204.2769374
0.0 235.0 576.0 2926.0 11628.6824195
0.0 405.0 495.0 2484.0 9955.2152509
0.0 814.0 285.0 1533.0 5732.4693515
0.0 1278.0 65.0 278.0 1130.66000784
0.0 675.0 361.0 1829.0 7224.37568356
0.0 286.0 552.0 2759.0 11126.0332443
0.0 234.0 575.0 2937.0 11653.0698902
0.0 815.0 281.0 1462.0 5867.91182143
0.0 449.0 475.0 2436.0 9504.08030757
0.0 1043.0 172.0 883.0 3533.68563022
0.0 820.0 288.0 1433.0 5796.86264654
0.0 794.0 284.0 1598.0 6009.2568467
0.0 1005.0 188.0 1071.0 3876.76893579
0.0 1115.0 141.0 728.0 2730.51368733
0.0 469.0 450.0 2344.0 9321.97361447
0.0 851.0 276.0 1337.0 5404.42594624
0.0 367.0 508.0 2457.0 10226.722364
0.0 361.0 512.0 2471.0 10296.3166064
0.0 1198.0 96.0 536.0 1940.53882402
0.0 532.0 427.0 2147.0 8636.77359853
0.0 236.0 573.0 2936.0 11639.81372
0.0 524.0 438.0 2172.0 8750.2325745
0.0 1367.0 9.0 79.0 263.043535066
0.0 1086.0 146.0 863.0 3030.82964032
0.0 815.0 275.0 1578.0 5774.06476115
0.0 938.0 240.0 1139.0 4618.62354345
0.0 244.0 567.0 2932.0 11546.8931518
0.0 794.0 307.0 1412.0 6096.92441845
0.0 854.0 273.0 1347.0 5395.64794708
0.0 1264.0 67.0 341.0 1319.38331875
0.0 761.0 297.0 1650.0 6370.78167197
0.0 1054.0 165.0 915.0 3375.20551741
0.0 248.0 563.0 2950.0 11513.5962242
0.0 882.0 260.0 1295.0 5116.74970869
0.0 548.0 422.0 2140.0 8471.05677063
0.0 876.0 257.0 1247.0 5225.80271356
0.0 242.0 562.0 2972.0 11560.6788905
0.0 301.0 548.0 2609.0 10929.4938624
0.0 588.0 401.0 2051.0 8124.35934589
0.0 234.0 576.0 2925.0 11645.6440324
0.0 931.0 244.0 1123.0 4611.77095544
0.0 868.0 278.0 1240.0 5356.78354401
0.0 1169.0 116.0 589.0 2237.71439835
0.0 418.0 478.0 2478.0 9842.17444747
0.0 861.0 272.0 1284.0 5367.01483361
0.0 811.0 300.0 1376.0 5856.99723923
0.0 556.0 406.0 2159.0 8395.49454152
0.0 782.0 288.0 1656.0 6182.6068561
0.0 1016.0 194.0 939.0 3714.86981911
0.0 614.0 388.0 2002.0 7837.6983808
0.0 244.0 561.0 2971.0 11544.0545664
0.0 821.0 297.0 1354.0 5724.28608876
0.0 714.0 346.0 1504.0 6728.90772619
0.0 1094.0 143.0 853.0 2984.64269248
0.0 805.0 283.0 1543.0 5973.08885461
0.0 830.0 274.0 1409.0 5742.91463886
0.0 1118.0 133.0 753.0 2758.53595712
0.0 745.0 327.0 1597.0 6520.07789645
0.0 874.0 266.0 1234.0 5209.57973394
0.0 642.0 378.0 1874.0 7563.43591914
0.0 809.0 280.0 1565.0 5874.28849528
0.0 1264.0 64.0 372.0 1284.90990528
0.0 1381.0 6.0 45.0 139.489153084
0.0 385.0 498.0 2429.0 10031.8167502
0.0 1026.0 173.0 975.0 3686.92192921
0.0 469.0 462.0 2302.0 9293.31545452
0.0 1372.0 6.0 41.0 214.399244559
0.0 242.0 564.0 2957.0 11552.7727709
0.0 851.0 271.0 1377.0 5386.32523906
0.0 801.0 285.0 1596.0 5890.06346609
0.0 922.0 244.0 1122.0 4714.10392355
0.0 387.0 487.0 2649.0 10093.2260197
0.0 748.0 330.0 1611.0 6470.40207444
0.0 1259.0 68.0 351.0 1338.13399542
0.0 477.0 458.0 2297.0 9188.33764386
0.0 830.0 285.0 1390.0 5652.2874352
0.0 344.0 522.0 2657.0 10553.8891065
0.0 352.0 511.0 2685.0 10452.4315993
0.0 1117.0 141.0 708.0 2744.38911726
0.0 414.0 478.0 2540.0 9831.8775901
0.0 1248.0 77.0 382.0 1447.18990756
0.0 713.0 337.0 1738.0 6783.54213092
0.0 292.0 543.0 2782.0 11081.525169
0.0 248.0 561.0 2956.0 11507.250833
0.0 1071.0 165.0 825.0 3209.75077484
0.0 1271.0 60.0 345.0 1196.69769769
0.0 619.0 395.0 1907.0 7806.25818259
0.0 625.0 383.0 1886.0 7746.21503914
0.0 1377.0 7.0 39.0 161.774041566
0.0 1218.0 92.0 468.0 1733.33827915
0.0 299.0 551.0 2624.0 10920.2954547
0.0 796.0 289.0 1502.0 5975.23167098
0.0 808.0 290.0 1480.0 5901.28276882
0.0 1059.0 172.0 794.0 3446.88990874
0.0 833.0 288.0 1339.0 5651.01991001
0.0 268.0 553.0 2909.0 11346.1854399
0.0 250.0 560.0 2944.0 11507.4769683
0.0 608.0 390.0 1990.0 7904.64366511
0.0 1041.0 169.0 954.0 3526.71074675
0.0 1025.0 199.0 711.0 3504.13925693
0.0 554.0 428.0 2073.0 8479.33607175
0.0 272.0 551.0 2906.0 11269.799325
0.0 414.0 473.0 2590.0 9801.77064545
0.0 1376.0 6.0 52.0 190.998270189
0.0 288.0 536.0 2870.0 11101.8340986
0.0 372.0 495.0 2661.0 10204.8598056
0.0 1019.0 188.0 927.0 3718.24976968
0.0 1040.0 181.0 905.0 3474.28935659
0.0 1003.0 188.0 1068.0 3957.24056127
0.0 808.0 286.0 1527.0 5866.19750826
0.0 282.0 549.0 2810.0 11174.2333386
0.0 1044.0 173.0 942.0 3489.50990718
0.0 409.0 487.0 2502.0 9892.72770379
0.0 243.0 564.0 2959.0 11538.9982942
0.0 1300.0 51.0 229.0 920.503354684
0.0 265.0 560.0 2874.0 11331.4995929
0.0 287.0 548.0 2786.0 11113.4402843
0.0 281.0 548.0 2863.0 11183.4987453
0.0 254.0 569.0 2866.0 11415.9033237
0.0 999.0 192.0 1020.0 3960.9936909
0.0 592.0 400.0 2050.0 8001.70903524
0.0 790.0 297.0 1547.0 5965.13852834
0.0 658.0 373.0 1901.0 7274.66462986
0.0 808.0 288.0 1487.0 5822.79109652
0.0 1350.0 19.0 64.0 438.918797722
0.0 1154.0 120.0 617.0 2365.92593275
0.0 1378.0 8.0 31.0 153.090403452
0.0 279.0 548.0 2812.0 11211.7515497
0.0 1376.0 11.0 34.0 198.793406937
0.0 1041.0 182.0 872.0 3513.87873231
0.0 988.0 203.0 1000.0 3993.13406945
0.0 1125.0 132.0 722.0 2672.95418857
0.0 568.0 407.0 2157.0 8326.47097484
0.0 410.0 486.0 2502.0 9887.38892994
0.0 966.0 213.0 1154.0 4281.51158043
0.0 1278.0 61.0 291.0 1147.27559881
0.0 1318.0 34.0 251.0 770.088203807
0.0 1027.0 198.0 711.0 3491.47588375
0.0 515.0 442.0 2214.0 8830.79604224
0.0 849.0 286.0 1269.0 5448.93536918
0.0 1373.0 12.0 28.0 217.221703014
0.0 238.0 570.0 2936.0 11623.8605513
0.0 821.0 290.0 1359.0 5780.89873879
0.0 802.0 280.0 1565.0 5942.12636309
0.0 243.0 567.0 2937.0 11550.9726198
0.0 1284.0 55.0 289.0 1053.53218406
0.0 975.0 206.0 1082.0 4159.11360617
0.0 799.0 311.0 1400.0 5972.83340777
0.0 996.0 202.0 808.0 3931.20616516
0.0 957.0 214.0 1149.0 4376.1242742
0.0 981.0 216.0 991.0 4091.64503142
0.0 281.0 547.0 2806.0 11196.7767766
0.0 1161.0 118.0 586.0 2291.3914309
0.0 746.0 323.0 1606.0 6521.84506941
0.0 884.0 258.0 1321.0 5067.38935483
0.0 256.0 564.0 2864.0 11457.8755574
0.0 961.0 225.0 841.0 4281.91821823
0.0 696.0 332.0 1663.0 6904.307418
0.0 248.0 562.0 2955.0 11512.2441587
0.0 481.0 440.0 2269.0 9080.2204279
0.0 1375.0 7.0 41.0 206.885326718
0.0 432.0 481.0 2429.0 9653.83288534
0.0 633.0 384.0 1875.0 7657.39699036
0.0 1015.0 206.0 723.0 3608.00566548
0.0 341.0 513.0 2707.0 10575.9333434
0.0 514.0 430.0 2282.0 8824.52886578
0.0 925.0 233.0 1219.0 4753.75935434
0.0 1376.0 7.0 39.0 173.300092865
0.0 1298.0 44.0 310.0 955.564749174
0.0 812.0 296.0 1461.0 5801.60641287
0.0 1234.0 78.0 454.0 1590.39044537
0.0 581.0 404.0 2076.0 8206.39516785
0.0 795.0 301.0 1494.0 5956.99289047
0.0 662.0 330.0 1980.0 7256.43842363
0.0 688.0 341.0 1875.0 7096.08338093
0.0 773.0 309.0 1563.0 6165.41629705
0.0 895.0 242.0 1289.0 5076.98960604
0.0 1045.0 170.0 926.0 3426.40567131
0.0 892.0 254.0 1229.0 5063.26287965
0.0 975.0 218.0 1039.0 4168.21541804
0.0 424.0 480.0 2461.0 9732.33201679
0.0 1086.0 152.0 813.0 3096.30637533
0.0 820.0 295.0 1394.0 5729.56388294
0.0 865.0 261.0 1387.0 5299.09118243
0.0 925.0 224.0 1182.0 4770.91098486
0.0 1389.0 2.0 18.0 52.1529266959
0.0 268.0 554.0 2876.0 11312.1917818
0.0 498.0 450.0 2291.0 8947.0092848
0.0 796.0 291.0 1455.0 5978.9588452
0.0 235.0 572.0 2938.0 11662.508256
0.0 873.0 249.0 1394.0 5208.50459181
0.0 289.0 548.0 2751.0 11092.5021396
0.0 815.0 287.0 1445.0 5808.08557047
0.0 259.0 558.0 2911.0 11416.4042519
0.0 1068.0 160.0 823.0 3245.01395905
0.0 638.0 380.0 1911.0 7626.73755876
0.0 792.0 295.0 1480.0 6005.94918409
0.0 1225.0 89.0 440.0 1673.01916616
0.0 245.0 568.0 2946.0 11518.8708691
0.0 821.0 274.0 1505.0 5867.58122832
0.0 962.0 226.0 832.0 4267.2582939
0.0 900.0 253.0 1161.0 4949.32316842
0.0 812.0 284.0 1497.0 5854.1212818
0.0 896.0 253.0 1263.0 5012.12422902
0.0 249.0 566.0 2922.0 11499.2371621
0.0 760.0 324.0 1521.0 6414.8932031
0.0 235.0 571.0 2943.0 11661.6446521
0.0 265.0 555.0 2933.0 11341.3916748
0.0 447.0 477.0 2423.0 9542.75666985
0.0 951.0 234.0 841.0 4398.76605082
0.0 881.0 246.0 1328.0 5181.29950534
0.0 927.0 216.0 1232.0 4617.90753838
0.0 792.0 311.0 1434.0 6047.71906179
0.0 264.0 556.0 2893.0 11369.3009714
0.0 968.0 213.0 1022.0 4293.24924007
0.0 1258.0 66.0 381.0 1328.12922815
0.0 287.0 555.0 2656.0 11078.6904536
0.0 282.0 547.0 2850.0 11179.4060814
0.0 242.0 565.0 2953.0 11559.1131539
0.0 1172.0 108.0 607.0 2202.95390258
0.0 618.0 374.0 2052.0 7831.19355324
0.0 449.0 467.0 2445.0 9460.1271841
0.0 1177.0 108.0 562.0 2143.68114252
0.0 1074.0 162.0 809.0 3193.73174346
0.0 287.0 551.0 2763.0 11138.8237709
0.0 648.0 373.0 1717.0 7400.05227193
0.0 267.0 557.0 2872.0 11329.9535566
0.0 567.0 409.0 2116.0 8287.33313759
0.0 787.0 289.0 1591.0 6089.41243478
0.0 774.0 304.0 1664.0 6160.57074629
0.0 944.0 225.0 1104.0 4434.69007641
0.0 847.0 261.0 1451.0 5479.75809996
0.0 1254.0 66.0 413.0 1407.49711676
0.0 357.0 511.0 2659.0 10412.9718954
0.0 347.0 517.0 2556.0 10437.7897986
0.0 908.0 245.0 1204.0 4834.76431475
0.0 735.0 334.0 1652.0 6618.86095892
0.0 632.0 368.0 1974.0 7679.83772498
0.0 1098.0 151.0 760.0 2976.57084458
0.0 384.0 497.0 2582.0 10170.7571309
0.0 808.0 299.0 1386.0 5938.31470987
0.0 851.0 285.0 1374.0 5349.23633129
0.0 588.0 402.0 2066.0 8097.70298966
0.0 1330.0 30.0 196.0 686.294909742
0.0 298.0 541.0 2759.0 11017.2684034
0.0 1096.0 153.0 761.0 2971.19844016
0.0 275.0 546.0 2875.0 11234.1682918
0.0 369.0 506.0 2462.0 10234.1625043
0.0 1341.0 33.0 123.0 567.24948421
0.0 834.0 298.0 1325.0 5623.26944506
0.0 658.0 357.0 1963.0 7347.01386194
0.0 811.0 287.0 1457.0 5866.85786301
0.0 246.0 565.0 2934.0 11514.0999512
0.0 254.0 564.0 2877.0 11421.9724673
0.0 1326.0 36.0 183.0 706.011346816
0.0 618.0 394.0 1908.0 7824.37460215
0.0 293.0 547.0 2744.0 11051.2748311
0.0 245.0 568.0 2943.0 11525.2533299
0.0 791.0 283.0 1629.0 6051.53605141
0.0 245.0 567.0 2947.0 11521.6892944
0.0 1294.0 46.0 270.0 992.422813559
0.0 1390.0 1.0 22.0 47.3489527721
0.0 518.0 443.0 2205.0 8841.59210551
0.0 257.0 557.0 2918.0 11426.2487152
0.0 285.0 543.0 2873.0 11156.7303242
0.0 1283.0 57.0 297.0 1093.07134791
0.0 833.0 284.0 1401.0 5572.86682846
0.0 963.0 218.0 1093.0 4254.73374998
0.0 941.0 242.0 1105.0 4497.08962211
0.0 637.0 376.0 1945.0 7548.63666358
0.0 420.0 486.0 2435.0 9726.24644112
0.0 1344.0 24.0 158.0 505.635167681
0.0 1054.0 165.0 901.0 3395.78760567
0.0 281.0 549.0 2801.0 11192.9905042
0.0 782.0 294.0 1589.0 6101.04862586
0.0 795.0 292.0 1581.0 5998.75435109
0.0 1216.0 92.0 472.0 1758.39072699
0.0 799.0 289.0 1516.0 5859.87106205
0.0 972.0 208.0 1090.0 4242.6277419
0.0 819.0 273.0 1516.0 5845.01975114
0.0 1228.0 83.0 461.0 1648.63651122
0.0 819.0 301.0 1379.0 5790.84273937
0.0 1058.0 175.0 843.0 3317.73499755
0.0 914.0 241.0 1205.0 4906.79043165
0.0 506.0 439.0 2253.0 8964.44616907
0.0 494.0 450.0 2263.0 9017.0135365
0.0 876.0 257.0 1320.0 5180.08262875
0.0 736.0 318.0 1740.0 6610.11818194
0.0 1357.0 19.0 104.0 372.101251475
0.0 617.0 382.0 2015.0 7840.17991894
0.0 922.0 231.0 1232.0 4738.73703523
0.0 1377.0 5.0 52.0 185.224315137
0.0 244.0 570.0 2930.0 11516.3941715
0.0 837.0 294.0 1314.0 5579.93337102
0.0 1371.0 7.0 41.0 227.176749531
0.0 816.0 284.0 1464.0 5825.40167835
0.0 256.0 558.0 2914.0 11422.1985902
0.0 234.0 579.0 2908.0 11650.1831486
0.0 250.0 562.0 2945.0 11497.6189645
0.0 965.0 210.0 1143.0 4322.0288793
0.0 980.0 197.0 1112.0 4170.49925155
0.0 877.0 261.0 1301.0 5158.39573814
0.0 887.0 230.0 1386.0 4989.54310327
0.0 1135.0 129.0 708.0 2546.93910126
0.0 795.0 304.0 1457.0 6029.28633045
0.0 807.0 271.0 1605.0 5874.84059145
0.0 337.0 540.0 2467.0 10512.3456126
0.0 1389.0 3.0 16.0 51.6204704704
0.0 1348.0 22.0 133.0 453.500493559
0.0 797.0 323.0 1394.0 5973.94623706
0.0 773.0 305.0 1667.0 6200.93632884
0.0 1383.0 4.0 49.0 135.904706471
0.0 624.0 380.0 1997.0 7750.57776471
0.0 720.0 339.0 1680.0 6692.00251891
0.0 819.0 291.0 1391.0 5769.35117168
0.0 1288.0 56.0 267.0 1042.31305357
0.0 1254.0 70.0 362.0 1362.50559493
0.0 322.0 538.0 2571.0 10658.9283328
0.0 455.0 461.0 2385.0 9379.70736956
0.0 854.0 302.0 1152.0 5433.42677754
0.0 857.0 264.0 1310.0 5328.27666244
0.0 1145.0 118.0 680.0 2462.3708668
0.0 1344.0 17.0 195.0 528.305742596
0.0 808.0 289.0 1450.0 5942.47864709
0.0 236.0 572.0 2946.0 11638.4125453
0.0 902.0 244.0 1246.0 4958.33361927
0.0 288.0 553.0 2746.0 11094.5915618
0.0 825.0 264.0 1501.0 5685.66604329
0.0 395.0 494.0 2613.0 10063.2931727
0.0 998.0 189.0 1074.0 3884.51209331
0.0 1089.0 151.0 810.0 3046.39859389
0.0 1364.0 15.0 96.0 300.874001719
0.0 1247.0 75.0 391.0 1450.02878582
0.0 287.0 552.0 2759.0 11110.5229293
0.0 1347.0 22.0 127.0 485.838803109
0.0 399.0 491.0 2546.0 10038.0782938
0.0 321.0 532.0 2684.0 10789.0681131
0.0 817.0 285.0 1434.0 5802.16169715
0.0 249.0 562.0 2948.0 11506.0713003
0.0 1277.0 61.0 307.0 1161.40952998
0.0 854.0 285.0 1281.0 5392.5729137
0.0 798.0 285.0 1555.0 5967.34148863
0.0 274.0 554.0 2868.0 11259.232618
0.0 410.0 480.0 2603.0 9912.75856298
0.0 322.0 536.0 2658.0 10744.2380634
0.0 1075.0 150.0 891.0 3196.58765576
0.0 801.0 303.0 1395.0 5947.55608279
0.0 622.0 385.0 2027.0 7705.2647139
0.0 247.0 565.0 2950.0 11512.5681416
0.0 791.0 293.0 1571.0 6139.781193
0.0 969.0 217.0 1113.0 4209.40480995
0.0 491.0 460.0 2220.0 9035.06615485
0.0 832.0 268.0 1423.0 5672.42209679
0.0 838.0 274.0 1401.0 5467.28045401
0.0 248.0 562.0 2949.0 11518.6330101
0.0 867.0 256.0 1367.0 5258.98411867
0.0 1273.0 55.0 372.0 1205.9697063
0.0 854.0 259.0 1382.0 5473.2888367
0.0 538.0 429.0 2197.0 8541.60497039
0.0 1199.0 96.0 529.0 1933.99707577
0.0 818.0 286.0 1453.0 5729.42412273
0.0 807.0 294.0 1391.0 5991.76969506
0.0 361.0 510.0 2491.0 10314.9833285
0.0 826.0 277.0 1491.0 5637.34008629
0.0 1381.0 4.0 30.0 158.802499773
0.0 952.0 222.0 1089.0 4436.13100816
0.0 1217.0 91.0 472.0 1750.38806298
0.0 814.0 274.0 1576.0 5822.1194342
0.0 637.0 368.0 2030.0 7599.04380599
0.0 1115.0 137.0 724.0 2783.40574372
0.0 1378.0 6.0 51.0 171.495153926
0.0 725.0 335.0 1628.0 6732.77504132
0.0 321.0 538.0 2577.0 10667.64497
0.0 308.0 539.0 2732.0 10889.6757231
0.0 1103.0 144.0 763.0 2903.53982699
0.0 236.0 579.0 2902.0 11617.2366026
0.0 1132.0 126.0 680.0 2584.52829984
0.0 969.0 219.0 1046.0 4201.61098565
0.0 1143.0 123.0 665.0 2488.91678294
0.0 743.0 322.0 1708.0 6562.62379437
0.0 1116.0 145.0 722.0 2746.06899118
0.0 1377.0 4.0 56.0 192.908405538
0.0 253.0 559.0 2940.0 11466.778683
0.0 779.0 303.0 1522.0 6200.11904559
0.0 760.0 334.0 1529.0 6379.45435437
0.0 820.0 273.0 1516.0 5736.05920536
0.0 781.0 317.0 1487.0 6144.98762317
0.0 285.0 551.0 2779.0 11147.5656721
0.0 789.0 313.0 1444.0 6025.29609173
0.0 490.0 445.0 2251.0 9020.61000701
0.0 239.0 571.0 2924.0 11627.4183566
0.0 971.0 215.0 1106.0 4232.36086607
0.0 1379.0 4.0 49.0 181.327242615
0.0 820.0 299.0 1322.0 5729.72157508
0.0 1282.0 57.0 295.0 1118.39526745
0.0 885.0 248.0 1361.0 5065.35482403
0.0 884.0 257.0 1276.0 5136.22912795
0.0 986.0 203.0 1057.0 4095.38339385
0.0 790.0 304.0 1465.0 6002.39477294
0.0 293.0 550.0 2738.0 11065.0541009
0.0 283.0 548.0 2803.0 11167.5075075
0.0 752.0 310.0 1682.0 6459.8828842
0.0 596.0 382.0 2104.0 8046.64190182
0.0 801.0 304.0 1372.0 5929.94186018
0.0 1359.0 19.0 97.0 344.104653723
0.0 1154.0 117.0 641.0 2407.74048548
0.0 967.0 216.0 1051.0 4289.46284725
0.0 1389.0 2.0 16.0 56.7541028434
0.0 233.0 576.0 2932.0 11653.3823952
0.0 281.0 545.0 2898.0 11175.8989754
0.0 264.0 566.0 2788.0 11300.2641295
0.0 645.0 372.0 1933.0 7480.46351635
0.0 1363.0 13.0 47.0 338.314739745
0.0 1377.0 9.0 32.0 197.673468588
0.0 1339.0 24.0 179.0 568.147325856
0.0 756.0 319.0 1630.0 6412.49142153
0.0 833.0 286.0 1365.0 5754.41187621
0.0 874.0 246.0 1453.0 5235.61695178
0.0 797.0 288.0 1529.0 5986.12563881
0.0 1379.0 6.0 51.0 164.322413657
0.0 825.0 276.0 1392.0 5701.13620863
0.0 332.0 525.0 2700.0 10652.7288452
0.0 643.0 386.0 1709.0 7486.26620799
0.0 379.0 500.0 2570.0 10176.4838667
0.0 1316.0 36.0 246.0 788.929590719
0.0 436.0 491.0 2398.0 9592.00515961
0.0 1284.0 54.0 313.0 1072.26189677
0.0 1024.0 200.0 711.0 3518.10027862
0.0 822.0 268.0 1510.0 5710.34993824
0.0 818.0 278.0 1505.0 5778.28640726
0.0 1389.0 1.0 23.0 63.9897163214
0.0 836.0 276.0 1391.0 5593.61886805
0.0 1387.0 2.0 34.0 79.2313039935
0.0 273.0 548.0 2879.0 11241.1785015
0.0 310.0 507.0 2902.0 10840.4547004
0.0 840.0 298.0 1229.0 5603.90692393
0.0 1176.0 107.0 586.0 2148.18862616
0.0 1150.0 126.0 631.0 2431.14691248
0.0 231.0 577.0 2940.0 11677.8172292
0.0 1258.0 71.0 338.0 1335.2987866
0.0 816.0 293.0 1410.0 5744.69840802
0.0 822.0 276.0 1499.0 5610.65609645
0.0 814.0 287.0 1517.0 5779.67879313
0.0 852.0 269.0 1331.0 5481.80706378
0.0 237.0 571.0 2938.0 11627.4697285
0.0 249.0 561.0 2950.0 11480.9814708
0.0 1324.0 37.0 186.0 730.27099178
0.0 265.0 557.0 2918.0 11343.1527015
0.0 498.0 451.0 2217.0 9011.8688213
0.0 261.0 559.0 2861.0 11350.7284806
0.0 878.0 248.0 1345.0 5261.95628708
0.0 823.0 286.0 1390.0 5773.72636893
0.0 1370.0 13.0 49.0 276.84109384
0.0 1331.0 30.0 170.0 658.943484748
0.0 787.0 293.0 1583.0 6123.14714123
0.0 1248.0 75.0 385.0 1430.26179445
0.0 367.0 507.0 2611.0 10303.3141172
0.0 785.0 302.0 1503.0 6056.38694044
0.0 373.0 502.0 2475.0 10167.7145212
0.0 1350.0 21.0 113.0 435.953562471
0.0 527.0 443.0 2128.0 8685.41918925
0.0 722.0 334.0 1717.0 6738.80389311
0.0 470.0 461.0 2307.0 9311.49071858
0.0 768.0 309.0 1565.0 6234.14484668
0.0 1306.0 46.0 233.0 867.68003905
0.0 1171.0 112.0 595.0 2217.15805599
0.0 686.0 345.0 1844.0 7102.09893774
0.0 847.0 280.0 1384.0 5434.61465217
0.0 233.0 575.0 2947.0 11672.25439
0.0 259.0 561.0 2861.0 11375.3497311
0.0 236.0 577.0 2911.0 11624.0578973
0.0 1329.0 35.0 174.0 648.23372362
0.0 340.0 514.0 2707.0 10585.328185
0.0 248.0 567.0 2934.0 11505.370396
0.0 1363.0 15.0 78.0 305.825183395
0.0 285.0 547.0 2800.0 11151.0128436
0.0 233.0 576.0 2919.0 11655.6600647
0.0 253.0 560.0 2923.0 11479.9134391
0.0 1156.0 122.0 613.0 2366.83055556
0.0 287.0 549.0 2767.0 11138.3559879
0.0 239.0 573.0 2930.0 11618.5643104
0.0 318.0 541.0 2577.0 10698.9381724
0.0 1332.0 35.0 138.0 619.614946668
0.0 1379.0 8.0 24.0 170.448731774
0.0 1192.0 100.0 539.0 2001.35729205
0.0 799.0 283.0 1617.0 5916.98978668
0.0 776.0 319.0 1395.0 6053.17986907
0.0 835.0 270.0 1448.0 5531.91390553
0.0 308.0 532.0 2825.0 10883.2622491
0.0 917.0 248.0 1170.0 4808.93563829
0.0 862.0 265.0 1355.0 5312.27749243
0.0 656.0 369.0 1822.0 7412.5154734
0.0 780.0 303.0 1635.0 6011.66582778
0.0 801.0 282.0 1656.0 5946.70725014
0.0 1029.0 181.0 934.0 3660.85944404
0.0 558.0 417.0 2124.0 8379.58611266
0.0 1032.0 180.0 939.0 3617.45475037
0.0 1049.0 178.0 875.0 3408.15040786
0.0 1165.0 113.0 628.0 2276.40632598
0.0 261.0 556.0 2890.0 11402.8259536
0.0 854.0 275.0 1326.0 5444.64799144
0.0 237.0 573.0 2939.0 11625.2634621
0.0 715.0 350.0 1504.0 6693.85584653
0.0 755.0 316.0 1705.0 6449.5014987
0.0 1357.0 17.0 121.0 375.611456309
0.0 912.0 234.0 1231.0 4832.32885687
0.0 836.0 286.0 1375.0 5540.52285288
0.0 550.0 391.0 2179.0 8501.45230692
0.0 279.0 549.0 2816.0 11210.9506867
0.0 296.0 542.0 2741.0 10953.2357006
0.0 381.0 491.0 2656.0 10225.3928724
0.0 1168.0 110.0 608.0 2258.66132811
0.0 891.0 248.0 1279.0 5023.38406112
0.0 294.0 542.0 2771.0 11067.6163279
0.0 1374.0 8.0 42.0 187.788891018
0.0 1148.0 124.0 634.0 2451.83711452
0.0 459.0 462.0 2365.0 9408.95316467
0.0 1080.0 157.0 840.0 3110.90407834
0.0 556.0 416.0 2152.0 8443.55316817
0.0 1071.0 158.0 840.0 3185.03918839
0.0 816.0 284.0 1396.0 5838.12221697
0.0 1379.0 5.0 48.0 165.09645694
0.0 1084.0 155.0 798.0 3078.74964908
0.0 1278.0 56.0 323.0 1166.60468728
0.0 260.0 556.0 2907.0 11413.5363816
0.0 837.0 276.0 1354.0 5646.83996086
0.0 803.0 311.0 1426.0 5793.93047712
0.0 238.0 571.0 2941.0 11612.4776775
0.0 941.0 226.0 1182.0 4484.07587548
0.0 288.0 549.0 2775.0 11113.8381702
0.0 575.0 406.0 2101.0 8189.42888699
0.0 318.0 540.0 2586.0 10694.6246415
0.0 840.0 270.0 1446.0 5547.44377959
0.0 824.0 265.0 1579.0 5804.83658172
0.0 318.0 535.0 2735.0 10802.6329762
0.0 258.0 558.0 2910.0 11422.859863
0.0 270.0 553.0 2903.0 11274.5608017
0.0 1330.0 36.0 167.0 660.14794151
0.0 1323.0 43.0 138.0 728.217234122
0.0 237.0 572.0 2948.0 11625.9491823
0.0 1248.0 74.0 398.0 1448.32765302
0.0 472.0 463.0 2287.0 9246.45406272
0.0 233.0 577.0 2926.0 11650.4288591
0.0 1364.0 19.0 53.0 324.693129593
0.0 257.0 562.0 2910.0 11413.7960902
0.0 991.0 207.0 804.0 3983.72442701
0.0 1197.0 97.0 536.0 1955.88289057
0.0 795.0 290.0 1598.0 5953.04703718
0.0 632.0 370.0 1998.0 7650.55145514
0.0 643.0 371.0 1890.0 7519.64518592
0.0 1264.0 68.0 338.0 1272.37267681
0.0 895.0 243.0 1245.0 5064.43030507
0.0 248.0 561.0 2957.0 11498.9995127
0.0 420.0 481.0 2534.0 9776.05287088
0.0 1281.0 58.0 295.0 1126.39793146
0.0 248.0 571.0 2880.0 11507.1572444
0.0 1310.0 38.0 276.0 848.944888351
0.0 1158.0 115.0 653.0 2326.9867415
0.0 823.0 275.0 1476.0 5678.97009699
0.0 251.0 561.0 2945.0 11464.4660418
0.0 805.0 305.0 1439.0 5808.79481384
0.0 1072.0 151.0 900.0 3182.45384573
0.0 1106.0 136.0 810.0 2899.39360713
0.0 1180.0 104.0 589.0 2118.34804309
0.0 1158.0 115.0 626.0 2337.78544491
0.0 313.0 540.0 2695.0 10874.7710356
0.0 462.0 454.0 2422.0 9347.09551711
0.0 1112.0 134.0 798.0 2834.60250057
0.0 856.0 285.0 1297.0 5356.18271484
0.0 806.0 292.0 1505.0 5874.39977031
0.0 1330.0 30.0 209.0 666.624430977
0.0 492.0 453.0 2210.0 9144.01740754
0.0 1152.0 118.0 651.0 2397.7997868
0.0 801.0 288.0 1466.0 5938.87073484
0.0 237.0 574.0 2936.0 11620.7635372
0.0 276.0 556.0 2836.0 11254.8874078
0.0 937.0 234.0 1133.0 4623.15352934
0.0 1219.0 91.0 468.0 1727.81237198
0.0 266.0 562.0 2794.0 11289.9266615
0.0 862.0 258.0 1357.0 5332.46043434
0.0 293.0 546.0 2752.0 11072.837254
0.0 342.0 516.0 2728.0 10575.8242127
0.0 329.0 525.0 2623.0 10668.9481073
0.0 256.0 561.0 2912.0 11424.0777342
0.0 833.0 268.0 1413.0 5600.03296601
0.0 291.0 545.0 2766.0 11096.8895452
0.0 886.0 266.0 1184.0 5147.28431829
0.0 1018.0 204.0 720.0 3578.44097445
0.0 1167.0 111.0 605.0 2246.82236438
0.0 443.0 469.0 2451.0 9530.26048887
0.0 668.0 361.0 1880.0 7331.32401926
0.0 238.0 569.0 2945.0 11613.1294674
0.0 1388.0 1.0 34.0 67.3699508089
0.0 281.0 549.0 2803.0 11182.3144029
0.0 1281.0 60.0 289.0 1125.57272184
0.0 726.0 337.0 1662.0 6715.74678808
0.0 953.0 219.0 1105.0 4400.82254704
0.0 872.0 255.0 1354.0 5345.32940265
0.0 759.0 313.0 1629.0 6346.92212398
0.0 1130.0 130.0 687.0 2570.11797457
0.0 490.0 457.0 2239.0 9090.97868931
0.0 791.0 296.0 1560.0 5952.05434392
0.0 283.0 557.0 2694.0 11106.9157063
0.0 797.0 315.0 1436.0 6014.94782306
0.0 982.0 208.0 1041.0 4133.46100345
0.0 1375.0 13.0 33.0 192.332875032
0.0 859.0 277.0 1265.0 5310.21118808
0.0 1202.0 95.0 527.0 1913.38529555
0.0 1363.0 24.0 47.0 327.364227754
0.0 1285.0 51.0 317.0 1100.70321483
0.0 234.0 574.0 2941.0 11643.7048334
0.0 822.0 273.0 1472.0 5864.40383414
0.0 1005.0 197.0 1003.0 3872.00150075
0.0 593.0 400.0 2039.0 8012.39377013
0.0 1021.0 180.0 988.0 3680.44887802
0.0 934.0 231.0 1186.0 4583.12113993
0.0 752.0 323.0 1619.0 6444.2939474
0.0 742.0 323.0 1708.0 6572.71726781
0.0 960.0 223.0 1118.0 4318.72704574
0.0 445.0 479.0 2216.0 9389.65811656
0.0 1090.0 147.0 775.0 3049.2571418
0.0 670.0 366.0 1796.0 7169.4223282
0.0 397.0 491.0 2566.0 9985.06932662
0.0 285.0 546.0 2868.0 11146.5071697
0.0 278.0 550.0 2813.0 11225.4882612
0.0 277.0 563.0 2686.0 11171.3544252
0.0 269.0 551.0 2887.0 11303.4579591
0.0 858.0 258.0 1418.0 5349.40882932
0.0 924.0 236.0 1199.0 4679.2430095
0.0 508.0 439.0 2305.0 8903.65072771
0.0 953.0 214.0 1145.0 4384.4652601
0.0 238.0 576.0 2915.0 11625.6079606
0.0 1366.0 17.0 60.0 302.465771949
0.0 813.0 299.0 1451.0 5746.30902015
0.0 248.0 564.0 2935.0 11501.8362551
0.0 1124.0 137.0 699.0 2685.69065074
0.0 1333.0 31.0 187.0 616.319079192
0.0 1388.0 2.0 19.0 67.4770843142
0.0 874.0 257.0 1329.0 5281.41059227
0.0 578.0 404.0 2114.0 8099.53360195
0.0 795.0 296.0 1577.0 5925.55420788
0.0 1389.0 1.0 27.0 55.3445337037
0.0 778.0 310.0 1571.0 6089.24316237
0.0 875.0 269.0 1253.0 5135.33831375
0.0 1358.0 14.0 120.0 374.34632551
0.0 642.0 379.0 1865.0 7512.77965634
0.0 236.0 571.0 2948.0 11641.0017633
0.0 258.0 556.0 2912.0 11404.878098
0.0 846.0 269.0 1378.0 5516.37551768
0.0 815.0 288.0 1444.0 5827.5318702
0.0 575.0 408.0 2003.0 8199.92410805
0.0 389.0 495.0 2427.0 9979.14217323
0.0 834.0 250.0 1480.0 5515.65653758
0.0 326.0 530.0 2702.0 10697.358702
0.0 1104.0 147.0 734.0 2912.34461271
0.0 820.0 290.0 1410.0 5732.18915457
0.0 843.0 283.0 1362.0 5505.7610838
0.0 1389.0 2.0 25.0 52.0079434891
0.0 807.0 285.0 1492.0 5951.24192097
0.0 1032.0 189.0 893.0 3597.12479018
0.0 836.0 269.0 1412.0 5645.64723426
0.0 248.0 566.0 2922.0 11514.0768082
0.0 935.0 227.0 1169.0 4617.79871862
0.0 1149.0 124.0 630.0 2437.55460506
0.0 895.0 251.0 1240.0 5053.21773642
0.0 887.0 248.0 1338.0 5083.40155981
0.0 235.0 572.0 2945.0 11657.6604274
0.0 1253.0 69.0 404.0 1388.79057337
0.0 335.0 528.0 2651.0 10637.2887957
0.0 279.0 550.0 2799.0 11206.3769563
0.0 854.0 277.0 1355.0 5365.54551685
0.0 1366.0 13.0 77.0 293.185027129
0.0 1122.0 134.0 710.0 2671.79081263
0.0 235.0 573.0 2956.0 11643.951
0.0 975.0 202.0 1106.0 4147.88517194
0.0 954.0 229.0 1103.0 4398.96039467
0.0 950.0 215.0 1219.0 4427.92419858
0.0 610.0 390.0 1924.0 7801.72457461
0.0 1115.0 140.0 725.0 2737.26222667
0.0 238.0 573.0 2929.0 11634.4905645
0.0 1380.0 8.0 24.0 163.872143314
0.0 815.0 296.0 1432.0 5792.78234344
0.0 508.0 445.0 2233.0 8936.42850661
0.0 316.0 530.0 2711.0 10823.7102051
0.0 1327.0 36.0 173.0 708.148292132
0.0 304.0 540.0 2768.0 10971.2480493
0.0 239.0 572.0 2932.0 11606.6703815
0.0 325.0 531.0 2726.0 10742.0381111
0.0 1002.0 188.0 1066.0 3959.52606387
0.0 520.0 437.0 2236.0 8776.67752016
0.0 260.0 563.0 2840.0 11359.3557343
0.0 346.0 515.0 2689.0 10562.4124704
0.0 574.0 407.0 2072.0 8250.05457184
0.0 1212.0 92.0 483.0 1816.74468553
0.0 1337.0 29.0 154.0 541.826935141
0.0 263.0 557.0 2887.0 11344.1286425
0.0 1389.0 1.0 37.0 53.3250117689
0.0 878.0 261.0 1392.0 5104.21810955
0.0 495.0 449.0 2221.0 9025.79171221
0.0 1101.0 143.0 784.0 2915.45568933
0.0 908.0 242.0 1271.0 4870.12933687
0.0 738.0 331.0 1470.0 6512.01754534
0.0 268.0 553.0 2911.0 11277.9176336
0.0 318.0 539.0 2724.0 10798.4907916
0.0 504.0 439.0 2323.0 8889.84356587
0.0 243.0 563.0 2964.0 11547.5672858
0.0 946.0 223.0 1189.0 4481.48709476
0.0 653.0 366.0 1938.0 7423.26629515
0.0 1301.0 40.0 265.0 915.044911221
0.0 1094.0 150.0 793.0 2980.70611565
0.0 585.0 390.0 2155.0 8128.60726601
0.0 1076.0 162.0 734.0 3157.89644419
0.0 801.0 274.0 1598.0 5967.63496898
0.0 260.0 566.0 2803.0 11353.5706805
0.0 283.0 545.0 2815.0 11181.1316056
0.0 246.0 564.0 2940.0 11532.6503765
0.0 1277.0 56.0 329.0 1161.794199
0.0 530.0 409.0 2352.0 8711.19068901
0.0 947.0 225.0 1160.0 4418.22140303
0.0 299.0 551.0 2628.0 10914.9333173
0.0 716.0 345.0 1664.0 6810.19405926
0.0 658.0 382.0 1831.0 7376.90757052
0.0 1377.0 11.0 34.0 187.129137432
0.0 849.0 266.0 1368.0 5476.73832177
0.0 292.0 549.0 2748.0 11084.1349856
0.0 557.0 419.0 2189.0 8375.8174216
0.0 323.0 527.0 2723.0 10761.5252096
0.0 896.0 258.0 1256.0 4945.19055582
0.0 872.0 265.0 1296.0 5163.26422561
0.0 539.0 400.0 2140.0 8521.82303081
0.0 830.0 277.0 1453.0 5640.57398525
0.0 850.0 261.0 1463.0 5411.63549434
0.0 900.0 252.0 1224.0 4961.26060478
0.0 809.0 293.0 1465.0 5797.5977149
0.0 1368.0 14.0 26.0 271.456341999
0.0 942.0 221.0 1155.0 4584.31528574
0.0 870.0 265.0 1268.0 5283.4559419
0.0 428.0 482.0 2444.0 9746.80798987
0.0 1254.0 69.0 381.0 1378.47947284
0.0 1193.0 100.0 540.0 1989.6656244
0.0 1172.0 109.0 595.0 2207.57035329
0.0 248.0 565.0 2933.0 11506.9244671
0.0 805.0 279.0 1550.0 5950.48760525
0.0 423.0 475.0 2523.0 9714.12079493
0.0 704.0 353.0 1693.0 6860.60637247
0.0 1308.0 47.0 192.0 837.698747125
0.0 1361.0 14.0 47.0 361.156975888
0.0 666.0 355.0 1917.0 7278.27823988
0.0 300.0 548.0 2614.0 10938.2185551
0.0 368.0 505.0 2474.0 10242.3198918
0.0 257.0 556.0 2912.0 11430.6131972
0.0 591.0 389.0 2057.0 8011.67008315
0.0 1299.0 48.0 273.0 957.668347913
0.0 862.0 279.0 1240.0 5392.01780932
0.0 549.0 424.0 2114.0 8474.45046711
0.0 1369.0 12.0 75.0 248.160291254
0.0 786.0 285.0 1634.0 6031.87665727
0.0 1378.0 4.0 49.0 191.801879665
0.0 809.0 286.0 1548.0 5816.68370457
0.0 637.0 390.0 1843.0 7581.26508094
0.0 1165.0 116.0 589.0 2271.30237045
0.0 894.0 254.0 1199.0 5120.4846109
0.0 235.0 578.0 2917.0 11625.7052163
0.0 863.0 260.0 1341.0 5332.77369191
0.0 782.0 299.0 1568.0 6100.55396235
0.0 919.0 237.0 1239.0 4774.09632667
0.0 628.0 378.0 1990.0 7674.29788194
0.0 1136.0 127.0 672.0 2578.35739156
0.0 881.0 258.0 1280.0 5169.82404594
0.0 325.0 519.0 2791.0 10727.3553636
0.0 1321.0 34.0 226.0 718.396277406
0.0 878.0 256.0 1373.0 5116.21277946
0.0 922.0 232.0 1287.0 4719.35495554
0.0 822.0 294.0 1363.0 5693.51959626
0.0 869.0 280.0 1265.0 5302.41729694
0.0 1031.0 176.0 978.0 3580.82375318
0.0 283.0 551.0 2793.0 11176.2037604
0.0 833.0 272.0 1412.0 5550.24135182
0.0 243.0 560.0 2973.0 11542.8680787
0.0 1338.0 33.0 128.0 583.391949807
0.0 963.0 212.0 1162.0 4314.51918288
0.0 1353.0 18.0 123.0 439.381954903
0.0 232.0 578.0 2918.0 11675.139229
0.0 673.0 367.0 1743.0 7217.08378327
0.0 844.0 276.0 1421.0 5447.08918439
0.0 807.0 282.0 1546.0 5908.27749397
0.0 1375.0 10.0 34.0 218.690134417
0.0 1376.0 8.0 38.0 207.880813786
0.0 243.0 562.0 2967.0 11560.9511677
0.0 1138.0 131.0 656.0 2547.63796381
0.0 1282.0 57.0 304.0 1102.70784735
0.0 649.0 370.0 1919.0 7454.16981028
0.0 280.0 547.0 2858.0 11187.1352128
0.0 265.0 556.0 2894.0 11362.0079368
0.0 685.0 354.0 1756.0 7104.32307457
0.0 283.0 547.0 2805.0 11180.489994
0.0 280.0 551.0 2797.0 11208.9570877
0.0 278.0 559.0 2712.0 11159.1784018
0.0 341.0 523.0 2686.0 10627.021321
0.0 284.0 544.0 2872.0 11146.9549827
0.0 1375.0 5.0 50.0 213.950556851
0.0 714.0 351.0 1504.0 6707.74117537
0.0 851.0 276.0 1309.0 5523.22694086
0.0 336.0 530.0 2619.0 10661.522079
0.0 831.0 271.0 1535.0 5586.77566243
0.0 300.0 549.0 2607.0 10943.0333653
0.0 1347.0 20.0 155.0 476.263495908
0.0 275.0 564.0 2693.0 11193.3680822
0.0 242.0 563.0 2975.0 11560.5285126
0.0 775.0 297.0 1685.0 6233.41599452
0.0 295.0 550.0 2669.0 10964.7233116
0.0 242.0 566.0 2945.0 11558.8783376
0.0 1094.0 151.0 758.0 2982.42212503
0.0 998.0 201.0 970.0 3960.46134534
0.0 356.0 509.0 2682.0 10417.1995239
0.0 708.0 343.0 1772.0 6829.00987042
0.0 1285.0 52.0 306.0 1081.65052662
0.0 285.0 548.0 2783.0 11134.4154737
0.0 242.0 570.0 2942.0 11549.9224708
0.0 777.0 298.0 1624.0 6115.6551095
0.0 1112.0 153.0 635.0 2814.65168662
0.0 747.0 308.0 1762.0 6474.13872174
0.0 337.0 524.0 2720.0 10598.1010313
0.0 805.0 295.0 1433.0 5985.69123441
0.0 821.0 280.0 1511.0 5753.2691951
0.0 237.0 570.0 2954.0 11624.3289139
0.0 518.0 442.0 2185.0 8846.5012271
0.0 567.0 410.0 1946.0 8222.18602063
0.0 859.0 269.0 1309.0 5376.08035347
0.0 1003.0 214.0 744.0 3870.12082359
0.0 808.0 293.0 1450.0 5838.44768611
0.0 1102.0 150.0 740.0 2867.96176498
0.0 1102.0 139.0 800.0 2874.36199566
0.0 233.0 578.0 2917.0 11668.635418
0.0 773.0 305.0 1604.0 6225.12003001
0.0 548.0 428.0 2094.0 8561.82092642
0.0 829.0 292.0 1396.0 5543.83814114
0.0 675.0 363.0 1841.0 7160.34159458
0.0 278.0 550.0 2821.0 11223.0640079
0.0 1017.0 184.0 1032.0 3718.06996594
0.0 250.0 564.0 2914.0 11512.6722328
0.0 958.0 218.0 1152.0 4364.66744822
0.0 1060.0 167.0 829.0 3304.32825303
0.0 808.0 282.0 1544.0 5856.69860964
0.0 970.0 207.0 1101.0 4241.32119754
0.0 247.0 567.0 2942.0 11509.727705
0.0 900.0 251.0 1255.0 4868.25759915
0.0 1242.0 77.0 398.0 1508.32994255
0.0 1189.0 96.0 586.0 2040.52243077
0.0 253.0 569.0 2808.0 11441.8615953
0.0 591.0 392.0 2092.0 8002.89961574
0.0 833.0 250.0 1480.0 5528.37559417
0.0 712.0 340.0 1719.0 6856.94593309
0.0 955.0 221.0 1097.0 4362.76113159
0.0 248.0 568.0 2890.0 11502.0682454
0.0 1139.0 128.0 661.0 2515.69737872
0.0 731.0 331.0 1641.0 6645.79176111
0.0 297.0 541.0 2759.0 11038.6686744
0.0 262.0 556.0 2916.0 11389.2685994
0.0 806.0 295.0 1494.0 5841.73397884
0.0 285.0 552.0 2771.0 11144.4907094
0.0 601.0 395.0 1998.0 7937.71388209
0.0 625.0 372.0 2024.0 7756.37865302
0.0 832.0 288.0 1360.0 5658.04298684
0.0 1274.0 57.0 349.0 1204.07592601
0.0 880.0 268.0 1205.0 5194.68197677
0.0 816.0 292.0 1385.0 5831.67777903
0.0 1183.0 106.0 551.0 2064.85439894
0.0 666.0 364.0 1826.0 7372.07505615
0.0 811.0 282.0 1528.0 5855.78720557
0.0 657.0 336.0 1987.0 7364.43701826
0.0 235.0 573.0 2944.0 11650.440493
0.0 946.0 207.0 1259.0 4463.52500412
0.0 1199.0 97.0 521.0 1925.75338024
0.0 291.0 546.0 2767.0 11079.3647707
0.0 1389.0 1.0 28.0 55.3312682192
0.0 280.0 548.0 2806.0 11200.9983345
0.0 796.0 293.0 1554.0 5956.827126
0.0 1339.0 28.0 138.0 549.477712644
0.0 775.0 319.0 1404.0 6066.05634514
0.0 814.0 278.0 1488.0 5789.22968711
0.0 1018.0 189.0 944.0 3726.81462813
0.0 249.0 563.0 2939.0 11499.9179938
0.0 308.0 538.0 2741.0 10886.0292702
0.0 584.0 413.0 2018.0 8141.32070744
0.0 380.0 502.0 2572.0 10133.9634648
0.0 461.0 462.0 2386.0 9364.79946997
0.0 450.0 461.0 2288.0 9439.43046562
0.0 1040.0 170.0 941.0 3544.30177188
0.0 661.0 331.0 1980.0 7265.22443312
0.0 812.0 292.0 1431.0 5856.73658957
0.0 290.0 545.0 2767.0 11103.706053
0.0 415.0 488.0 2292.0 9749.99714618
0.0 756.0 311.0 1677.0 6425.85631756
0.0 474.0 457.0 2325.0 9211.30140882
0.0 587.0 404.0 2062.0 8086.44201935
0.0 802.0 285.0 1549.0 5941.01621256
0.0 819.0 268.0 1529.0 5808.46858113
0.0 450.0 463.0 2308.0 9371.81474021
0.0 814.0 282.0 1480.0 5840.65598546
0.0 479.0 448.0 2375.0 9224.05048281
0.0 320.0 535.0 2729.0 10766.4614574
0.0 1143.0 125.0 658.0 2511.92732711
0.0 658.0 320.0 2053.0 7304.50463107
0.0 870.0 261.0 1339.0 5258.20357348
0.0 1268.0 59.0 360.0 1219.16439866
0.0 1185.0 103.0 562.0 2073.80590254
0.0 818.0 283.0 1475.0 5709.64959043
0.0 309.0 507.0 2904.0 10858.5324519
0.0 302.0 544.0 2655.0 10901.8910923
0.0 307.0 509.0 2904.0 10880.557957
0.0 1359.0 22.0 62.0 383.455083901
0.0 244.0 563.0 2949.0 11546.4132648
0.0 835.0 293.0 1317.0 5558.99126275
0.0 1186.0 102.0 562.0 2060.04208002
0.0 996.0 189.0 1127.0 3945.30726755
0.0 821.0 289.0 1440.0 5728.12104018
0.0 778.0 297.0 1554.0 6191.14638163
0.0 851.0 258.0 1413.0 5416.07346812
0.0 952.0 204.0 1182.0 4432.12622726
0.0 733.0 326.0 1707.0 6653.47952191
0.0 235.0 571.0 2955.0 11661.213558
0.0 868.0 266.0 1301.0 5252.95592613
0.0 247.0 562.0 2956.0 11525.3048117
0.0 842.0 280.0 1313.0 5669.08887611
0.0 609.0 394.0 1966.0 7887.41576809
0.0 1377.0 10.0 31.0 203.310656175
0.0 1381.0 6.0 38.0 148.845402332
0.0 771.0 305.0 1623.0 6232.28429673
0.0 1313.0 38.0 257.0 805.293594133
0.0 273.0 554.0 2844.0 11303.4811503
0.0 822.0 278.0 1449.0 5776.42749233
0.0 770.0 306.0 1606.0 6252.97128805
0.0 239.0 575.0 2920.0 11602.7333228
0.0 255.0 568.0 2859.0 11473.2487157
0.0 841.0 267.0 1411.0 5511.30271129
0.0 971.0 203.0 1142.0 4262.24122895
0.0 778.0 300.0 1603.0 6160.37998914
0.0 249.0 567.0 2909.0 11521.7109686
0.0 952.0 233.0 841.0 4392.44695684
0.0 533.0 405.0 2146.0 8588.35117772
0.0 503.0 438.0 2264.0 8966.23179409
0.0 766.0 321.0 1541.0 6316.58380916
0.0 592.0 408.0 1985.0 8033.8874516
0.0 486.0 448.0 2370.0 9066.24075853
0.0 909.0 235.0 1249.0 4840.57917576
0.0 463.0 458.0 2327.0 9310.9596216
0.0 824.0 272.0 1498.0 5695.23708158
0.0 245.0 563.0 2948.0 11525.6209045
0.0 601.0 407.0 2002.0 7916.16610309
0.0 541.0 430.0 2106.0 8556.87949109
0.0 1380.0 4.0 30.0 164.982884395
0.0 311.0 541.0 2604.0 10872.7484449
0.0 844.0 278.0 1382.0 5471.8415674
0.0 783.0 316.0 1454.0 6077.49975303
0.0 468.0 468.0 2288.0 9236.37886103
0.0 1232.0 83.0 429.0 1594.48370642
0.0 976.0 198.0 1163.0 4220.82593602
0.0 1166.0 111.0 603.0 2257.21846111
0.0 411.0 492.0 2316.0 9835.27397522
0.0 252.0 563.0 2916.0 11507.3247416
0.0 1231.0 82.0 437.0 1596.26002343
0.0 519.0 429.0 2261.0 8799.28644099
0.0 478.0 455.0 2300.0 9210.00407464
0.0 307.0 541.0 2722.0 10894.0514276
0.0 867.0 269.0 1311.0 5248.56696569
0.0 653.0 359.0 1979.0 7418.34064098
0.0 817.0 278.0 1521.0 5733.50312229
0.0 901.0 242.0 1255.0 4966.44099926
0.0 286.0 545.0 2863.0 11127.7526241
0.0 838.0 274.0 1394.0 5613.80476942
0.0 1372.0 12.0 28.0 224.514975518
0.0 370.0 504.0 2655.0 10316.6873449
0.0 1349.0 17.0 146.0 483.689851419
0.0 597.0 398.0 1993.0 7982.29904401
0.0 871.0 245.0 1376.0 5235.66852481
0.0 1354.0 21.0 108.0 413.664989495
0.0 806.0 296.0 1441.0 5933.65724413
0.0 1067.0 161.0 870.0 3191.45885395
0.0 1094.0 136.0 854.0 2999.48533462
0.0 792.0 303.0 1476.0 6025.51097024
0.0 399.0 493.0 2518.0 9969.62336962
0.0 730.0 331.0 1651.0 6659.66335035
0.0 819.0 268.0 1552.0 5770.38449644
0.0 595.0 392.0 2050.0 8035.21054199
0.0 734.0 326.0 1658.0 6584.3275842
0.0 236.0 570.0 2952.0 11654.0565048
0.0 1170.0 115.0 567.0 2232.79075591
0.0 1241.0 77.0 416.0 1490.85709149
0.0 304.0 541.0 2764.0 10966.7819393
0.0 894.0 240.0 1329.0 4999.59826172
0.0 240.0 568.0 2944.0 11606.3494099
0.0 783.0 302.0 1553.0 6098.72005741
0.0 1356.0 17.0 114.0 385.480082048
0.0 943.0 228.0 1135.0 4544.3338029
0.0 808.0 291.0 1463.0 5838.24501851
0.0 1307.0 41.0 235.0 861.317363769
0.0 830.0 277.0 1492.0 5623.73708643
0.0 236.0 573.0 2934.0 11640.7625734
0.0 270.0 564.0 2735.0 11232.7519282
0.0 1359.0 17.0 106.0 384.245100431
0.0 669.0 371.0 1833.0 7209.12911441
0.0 1097.0 145.0 765.0 3005.89438639
0.0 1378.0 7.0 39.0 150.204962943
0.0 797.0 298.0 1468.0 5934.612417
0.0 1026.0 177.0 941.0 3666.39294393
0.0 337.0 530.0 2543.0 10560.3109464
0.0 902.0 252.0 1171.0 4948.73918983
0.0 681.0 357.0 1842.0 7173.67146662
0.0 905.0 216.0 1308.0 4822.98914187
0.0 795.0 302.0 1463.0 6057.45523915
0.0 840.0 271.0 1459.0 5444.68177575
0.0 255.0 568.0 2866.0 11402.5511143
0.0 831.0 267.0 1512.0 5594.88770889
0.0 1200.0 95.0 527.0 1926.76315396
0.0 249.0 566.0 2917.0 11501.9511087
0.0 1388.0 3.0 12.0 68.8773964595
0.0 286.0 542.0 2870.0 11148.0490178
0.0 631.0 373.0 1959.0 7654.70111374
0.0 843.0 263.0 1549.0 5508.71931363
0.0 1376.0 4.0 52.0 213.250695717
0.0 856.0 262.0 1439.0 5357.9642446
0.0 693.0 346.0 1776.0 6989.04399576
0.0 430.0 479.0 2413.0 9733.43733646
0.0 1176.0 108.0 575.0 2167.80281947
0.0 1343.0 23.0 161.0 512.922492182
0.0 903.0 252.0 1242.0 4881.21562317
0.0 570.0 402.0 2129.0 8207.67305733
0.0 628.0 388.0 1864.0 7719.02674839
0.0 257.0 561.0 2842.0 11438.1923886
0.0 281.0 545.0 2824.0 11195.8952623
0.0 451.0 465.0 2294.0 9361.02757857
0.0 387.0 496.0 2435.0 10004.4436945
0.0 812.0 277.0 1519.0 5825.67645611
0.0 550.0 423.0 2114.0 8466.4478031
0.0 1244.0 78.0 388.0 1501.60963992
0.0 1013.0 185.0 973.0 3834.22900327
0.0 256.0 562.0 2884.0 11458.5905905
0.0 1202.0 96.0 504.0 1896.8739116
0.0 739.0 327.0 1662.0 6573.72469233
0.0 248.0 568.0 2899.0 11480.467403
0.0 844.0 278.0 1365.0 5589.79870048
0.0 857.0 289.0 1282.0 5390.87755028
0.0 612.0 378.0 2044.0 7871.91089055
0.0 251.0 561.0 2941.0 11505.4054877
0.0 614.0 400.0 1935.0 7755.86874564
0.0 235.0 577.0 2911.0 11645.8048337
0.0 819.0 294.0 1419.0 5740.01603096
0.0 830.0 272.0 1514.0 5640.93537474
0.0 577.0 424.0 1976.0 8166.28461362
0.0 406.0 484.0 2555.0 9882.44507421
0.0 837.0 280.0 1375.0 5520.30660014
0.0 968.0 218.0 1113.0 4222.63780366
0.0 814.0 294.0 1440.0 5747.85356691
0.0 823.0 286.0 1433.0 5707.97479518
0.0 1086.0 148.0 850.0 3087.85027337
0.0 827.0 291.0 1311.0 5724.07815296
0.0 802.0 290.0 1494.0 5910.64389462
0.0 985.0 192.0 1097.0 4094.17429214
0.0 685.0 348.0 1841.0 7116.26756034
0.0 884.0 273.0 1208.0 5106.29336121
0.0 897.0 248.0 1242.0 5066.99566829
0.0 1111.0 143.0 758.0 2806.32594429
0.0 1160.0 113.0 640.0 2316.00018683
0.0 1088.0 156.0 781.0 3042.39395284
0.0 805.0 277.0 1556.0 5919.97318523
0.0 261.0 566.0 2796.0 11340.179161
0.0 739.0 328.0 1654.0 6553.11590588
0.0 284.0 548.0 2803.0 11154.4692489
0.0 259.0 560.0 2882.0 11422.5789324
0.0 836.0 274.0 1406.0 5670.20444687
0.0 847.0 270.0 1333.0 5479.11020637
0.0 650.0 353.0 1981.0 7418.99845736
0.0 1085.0 144.0 896.0 3036.63203655
0.0 897.0 240.0 1338.0 4918.46956094
0.0 291.0 549.0 2754.0 11077.362934
0.0 287.0 548.0 2769.0 11130.1197648
0.0 1077.0 153.0 844.0 3117.37582292
0.0 844.0 275.0 1379.0 5588.86802826
0.0 1368.0 9.0 77.0 253.023314335
0.0 922.0 235.0 1230.0 4741.10653071
0.0 824.0 287.0 1423.0 5684.200655
0.0 1318.0 36.0 198.0 766.641347543
0.0 836.0 243.0 1529.0 5537.52959762
0.0 339.0 524.0 2670.0 10586.1550191
0.0 634.0 384.0 1912.0 7606.10565639
0.0 810.0 286.0 1449.0 5933.11847134
0.0 1376.0 10.0 32.0 205.299312082
0.0 995.0 194.0 1068.0 4051.67401192
0.0 684.0 354.0 1786.0 7193.52739608
0.0 1060.0 167.0 787.0 3363.0955002
0.0 243.0 563.0 2957.0 11553.321835
0.0 813.0 287.0 1432.0 5870.00384266
0.0 1138.0 127.0 691.0 2535.48567828
0.0 249.0 568.0 2889.0 11465.9862068
0.0 264.0 563.0 2796.0 11316.1061941
0.0 1316.0 40.0 211.0 762.410387204
0.0 281.0 547.0 2804.0 11200.6801786
0.0 793.0 290.0 1613.0 6056.8371983
0.0 1030.0 170.0 962.0 3631.80172111
0.0 1270.0 60.0 352.0 1229.85402536
0.0 515.0 433.0 2242.0 8857.006569
0.0 247.0 569.0 2899.0 11489.9867751
0.0 1203.0 97.0 505.0 1888.47267104
0.0 1088.0 155.0 782.0 3058.12227611
0.0 823.0 260.0 1600.0 5661.78368857
0.0 675.0 361.0 1824.0 7233.69289551
0.0 792.0 297.0 1497.0 5964.72962208
0.0 280.0 565.0 2664.0 11156.833504
0.0 286.0 551.0 2774.0 11138.4770102
0.0 1075.0 152.0 861.0 3218.14082236
0.0 621.0 373.0 2007.0 7762.01128344
0.0 501.0 435.0 2268.0 8952.23473327
0.0 820.0 269.0 1558.0 5735.3936892
0.0 460.0 464.0 2338.0 9341.39928501
0.0 338.0 523.0 2700.0 10602.370914
0.0 898.0 252.0 1263.0 5020.55780509
0.0 287.0 540.0 2875.0 11132.5317045
0.0 285.0 551.0 2770.0 11151.2473147
0.0 887.0 260.0 1291.0 5028.93065602
0.0 1184.0 105.0 550.0 2080.39308628
0.0 628.0 389.0 1873.0 7717.4163556
0.0 243.0 569.0 2940.0 11544.7342764
0.0 659.0 320.0 2054.0 7300.67678796
0.0 1389.0 3.0 12.0 56.0770336477
0.0 853.0 274.0 1321.0 5513.52299297
0.0 820.0 269.0 1579.0 5711.41191163
0.0 1327.0 28.0 214.0 676.138178087
0.0 414.0 485.0 2484.0 9852.22328575
0.0 805.0 274.0 1545.0 5966.43822178
0.0 256.0 562.0 2899.0 11424.7906556
0.0 684.0 357.0 1808.0 7145.78245346
0.0 830.0 288.0 1344.0 5669.70745641
0.0 1003.0 191.0 1037.0 3917.63137224
0.0 811.0 298.0 1405.0 5815.36708723
0.0 546.0 431.0 2148.0 8513.91859957
0.0 825.0 272.0 1446.0 5665.18032632
0.0 776.0 313.0 1523.0 6197.43976766
0.0 234.0 574.0 2932.0 11653.4253823
0.0 274.0 548.0 2876.0 11238.4594647
0.0 658.0 364.0 1862.0 7394.37377758
0.0 819.0 301.0 1427.0 5739.55853833
0.0 403.0 493.0 2545.0 9905.09761514
0.0 960.0 216.0 1102.0 4372.72650257
0.0 1052.0 162.0 903.0 3392.94163237
0.0 258.0 556.0 2898.0 11425.5914919
0.0 282.0 549.0 2797.0 11192.9512922
0.0 262.0 556.0 2898.0 11395.2776106
0.0 828.0 280.0 1423.0 5657.04359191
0.0 1164.0 110.0 644.0 2286.93070777
0.0 931.0 226.0 1213.0 4643.37022107
0.0 1354.0 19.0 44.0 418.417638421
0.0 697.0 331.0 1663.0 6896.80484115
0.0 518.0 447.0 2151.0 8795.59642543
0.0 694.0 356.0 1726.0 7032.21320186
0.0 1378.0 8.0 28.0 158.52114663
0.0 322.0 525.0 2767.0 10751.3244753
0.0 1357.0 25.0 80.0 405.38982339
0.0 480.0 453.0 2306.0 9189.09706196
0.0 1388.0 1.0 31.0 69.4672575632
0.0 236.0 574.0 2934.0 11622.659464
0.0 330.0 522.0 2730.0 10598.340514
0.0 1341.0 24.0 134.0 535.042081793
0.0 772.0 299.0 1620.0 6283.86859034
0.0 1067.0 160.0 889.0 3205.48512154
0.0 687.0 347.0 1820.0 7106.77320269
0.0 478.0 464.0 2219.0 9198.24161234
0.0 244.0 572.0 2903.0 11549.5961272
0.0 1300.0 44.0 284.0 923.752430534
0.0 1225.0 85.0 468.0 1671.11810858
0.0 600.0 395.0 2045.0 7937.10561542
0.0 1294.0 55.0 245.0 984.476045602
0.0 781.0 313.0 1520.0 6126.20493604
0.0 1284.0 51.0 317.0 1111.78139003
0.0 250.0 562.0 2933.0 11518.2051417
0.0 784.0 310.0 1510.0 6074.16808932
0.0 527.0 410.0 2157.0 8644.02062147
0.0 827.0 288.0 1389.0 5687.15281537
0.0 776.0 296.0 1588.0 6188.20151553
0.0 371.0 513.0 2638.0 10224.0455202
0.0 794.0 308.0 1400.0 6043.89163576
0.0 822.0 292.0 1388.0 5732.0180833
0.0 1261.0 67.0 372.0 1325.06241096
0.0 911.0 238.0 1225.0 4777.51945967
0.0 855.0 255.0 1380.0 5455.63270787
0.0 621.0 392.0 1947.0 7727.53700537
0.0 796.0 281.0 1606.0 5962.03283118
0.0 335.0 530.0 2648.0 10598.6089236
0.0 286.0 550.0 2775.0 11119.2625881
0.0 234.0 578.0 2917.0 11651.59867
0.0 251.0 560.0 2942.0 11508.8560194
0.0 1182.0 104.0 567.0 2103.18002371
0.0 408.0 488.0 2547.0 9926.92077646
0.0 988.0 208.0 983.0 4091.37894531
0.0 250.0 562.0 2947.0 11488.3776456
0.0 282.0 546.0 2819.0 11185.9060167
0.0 304.0 539.0 2796.0 10953.7066665
0.0 1055.0 187.0 837.0 3368.16048418
0.0 904.0 237.0 1270.0 4995.98610095
0.0 551.0 391.0 2171.0 8481.9388232
0.0 726.0 304.0 1742.0 6604.01337831
0.0 897.0 245.0 1270.0 5014.16909728
0.0 282.0 547.0 2812.0 11180.6089202
0.0 286.0 548.0 2780.0 11145.9577833
0.0 239.0 575.0 2919.0 11603.8670844
0.0 850.0 268.0 1370.0 5456.88150818
0.0 1146.0 123.0 668.0 2462.68106482
0.0 889.0 243.0 1368.0 5089.73589176
0.0 1050.0 177.0 818.0 3489.85903814
0.0 745.0 322.0 1640.0 6519.86028758
0.0 351.0 512.0 2685.0 10461.826441
0.0 977.0 194.0 1136.0 4173.05207749
0.0 249.0 564.0 2936.0 11479.7375106
0.0 720.0 333.0 1737.0 6742.10817788
0.0 252.0 559.0 2950.0 11480.3877776
0.0 891.0 259.0 1215.0 5103.2635413
0.0 810.0 294.0 1436.0 5850.23634794
0.0 841.0 272.0 1409.0 5480.28506482
0.0 1147.0 125.0 636.0 2462.49598006
0.0 259.0 559.0 2918.0 11393.0559766
0.0 400.0 485.0 2512.0 9956.86215945
0.0 855.0 273.0 1350.0 5340.25793503
0.0 256.0 560.0 2922.0 11420.0746352
0.0 785.0 298.0 1600.0 6089.07057556
0.0 234.0 572.0 2954.0 11668.3766236
0.0 1374.0 6.0 70.0 205.796379425
0.0 835.0 285.0 1329.0 5570.86936622
0.0 806.0 298.0 1454.0 5907.50570733
0.0 1083.0 158.0 780.0 3101.41961653
0.0 366.0 508.0 2468.0 10262.1077871
0.0 1285.0 49.0 324.0 1091.32076476
0.0 643.0 384.0 1800.0 7537.92864488
0.0 433.0 480.0 2422.0 9639.69650296
0.0 866.0 270.0 1342.0 5267.11497853
0.0 551.0 412.0 2162.0 8424.6737668
0.0 262.0 549.0 2943.0 11377.8831424
0.0 972.0 216.0 1079.0 4190.36884704
0.0 1197.0 98.0 520.0 1959.16447087
0.0 642.0 345.0 1973.0 7477.32057809
0.0 324.0 526.0 2723.0 10752.1303679
0.0 918.0 237.0 1151.0 4781.60401071
0.0 636.0 368.0 2011.0 7649.47553064
0.0 1063.0 158.0 896.0 3342.0507883
0.0 1172.0 106.0 598.0 2214.61015695
0.0 987.0 202.0 1055.0 4054.96420267
0.0 945.0 222.0 1166.0 4507.08725682
0.0 401.0 498.0 2459.0 9962.87344934
0.0 938.0 222.0 1150.0 4522.38374291
0.0 292.0 549.0 2749.0 11070.1630207
0.0 812.0 285.0 1501.0 5840.0729496
0.0 252.0 565.0 2866.0 11442.238937
0.0 874.0 252.0 1369.0 5216.33027717
0.0 1193.0 100.0 539.0 1990.22858317
0.0 235.0 576.0 2922.0 11632.5060458
0.0 412.0 483.0 2533.0 9828.87334847
0.0 812.0 275.0 1552.0 5823.35812488
0.0 999.0 198.0 981.0 3888.53067571
0.0 1230.0 86.0 435.0 1638.82100775
0.0 1175.0 111.0 570.0 2169.87444197
0.0 1382.0 5.0 48.0 129.973288633
0.0 942.0 220.0 1217.0 4543.17039169
0.0 1229.0 82.0 454.0 1643.0975396
0.0 272.0 558.0 2872.0 11277.8699577
0.0 258.0 555.0 2919.0 11404.5386167
0.0 233.0 581.0 2906.0 11645.8472122
0.0 774.0 319.0 1405.0 6077.79255303
0.0 1246.0 72.0 408.0 1483.77544601
0.0 807.0 292.0 1475.0 5928.89567747
0.0 884.0 243.0 1389.0 5064.46348856
0.0 244.0 561.0 2965.0 11548.8156331
0.0 1378.0 5.0 48.0 172.389729445
0.0 440.0 473.0 2456.0 9544.66861912
0.0 959.0 213.0 1191.0 4354.65166792
0.0 663.0 369.0 1803.0 7299.64046389
0.0 550.0 418.0 2203.0 8459.3505641
0.0 628.0 369.0 2049.0 7657.05900663
0.0 866.0 251.0 1407.0 5305.51513798
0.0 1006.0 189.0 973.0 3863.26325769
0.0 1367.0 14.0 27.0 282.222647054
0.0 246.0 568.0 2929.0 11522.1144161
0.0 324.0 532.0 2726.0 10750.0407751
0.0 847.0 292.0 1317.0 5525.58891363
0.0 800.0 297.0 1473.0 5869.61557921
0.0 469.0 467.0 2279.0 9338.13442893
0.0 1355.0 21.0 104.0 399.38248003
0.0 1352.0 22.0 105.0 391.026368451
0.0 423.0 478.0 2526.0 9650.27379492
0.0 257.0 565.0 2839.0 11393.4863757
0.0 879.0 258.0 1311.0 5132.29844178
0.0 345.0 519.0 2654.0 10546.7390907
0.0 853.0 269.0 1397.0 5402.975972
0.0 1305.0 46.0 221.0 868.999924825
0.0 234.0 579.0 2918.0 11642.1998855
0.0 234.0 573.0 2943.0 11665.5083822
0.0 1079.0 147.0 890.0 3110.81651462
0.0 764.0 317.0 1654.0 6279.70834184
0.0 981.0 202.0 1042.0 4095.43030199
0.0 1125.0 133.0 693.0 2654.05502383
0.0 243.0 570.0 2937.0 11542.8201471
