0.000800970114962 0.0706521825088 8.79177228829e-05 0.29490616622
0.00118417211646 0.114726771343 5.59734694475e-05 0.0
0.00137113278356 0.0967927189317 0.000108251291167 0.0536193029491
0.000342842393533 0.0646055879891 0.000175557711606 0.0536193029491
0.000866074237651 0.145511026195 0.000148057948612 0.0536193029491
0.00139398568593 0.0964201787926 0.000168225205403 0.0536193029491
0.000665770146362 0.0947381767343 5.16734083588e-05 0.348525469169
0.0020248967695 0.178664423695 5.23623397452e-05 0.0
0.00294225635173 0.204725410987 4.28350535731e-05 0.187667560322
0.00107861031792 0.0747067670335 0.000140876849586 0.187667560322
0.000680803666006 0.0973694724693 0.000154863704934 0.160857908847
0.00052974641808 0.118380308922 0.000132381310346 0.107238605898
0.000889075797327 0.104698157525 9.48667522304e-05 0.0
0.00143012772481 0.0847979822153 5.45717568396e-05 0.321715817694
0.000681086987136 0.129137115623 0.000416550806863 0.0268096514745
0.000838719946816 0.0833489702121 0.00016118629032 0.241286863271
0.000682684403077 0.0962894840368 0.000104437684147 0.29490616622
0.00148723791707 0.0858370087867 0.00063980755254 0.0268096514745
0.00101124720741 0.0884413522752 6.52837989731e-05 0.214477211796
0.000726228799805 0.131209968936 5.26452921618e-05 0.187667560322
0.000828949267972 0.0821585049644 0.000171387204723 0.241286863271
0.000844841048087 0.135562722823 0.000183124249156 0.0268096514745
