~~~
0.0 611.0 3173.0 15217.0 63082.2075812
0.0 1697.0 70.0 391.0 1447.10315269
0.0 1431.0 218.0 931.0 4015.18097408
0.0 1613.0 117.0 504.0 2298.73404791
0.0 1637.0 104.0 473.0 2034.52732436
0.0 1557.0 159.0 665.0 2760.51071042
0.0 1795.0 27.0 108.0 535.335156675
0.0 1347.0 262.0 1167.0 4874.07512544
0.0 1781.0 28.0 195.0 665.768578928
0.0 1789.0 26.0 154.0 594.898673994
0.0 1651.0 96.0 455.0 1890.62729544
0.0 1463.0 194.0 938.0 3729.14106856
0.0 1257.0 308.0 1421.0 5735.26535849
0.0 1769.0 39.0 165.0 756.455476607
0.0 1337.0 262.0 1210.0 4963.98666652
0.0 1547.0 149.0 717.0 2924.65000756
0.0 1789.0 30.0 146.0 546.112143553
0.0 657.0 3156.0 15096.0 62661.8109084
0.0 1843.0 3.0 26.0 63.5808669904
0.0 1811.0 22.0 79.0 369.843429244
0.0 1633.0 115.0 450.0 2033.01235656
0.0 1727.0 61.0 234.0 1205.27180043
0.0 1543.0 152.0 701.0 2945.99896288
0.0 1613.0 114.0 642.0 2222.54257067
0.0 1203.0 2877.0 13784.0 57156.3873584
0.0 1719.0 66.0 271.0 1272.45222263
0.0 1729.0 63.0 228.0 1202.20837383
0.0 1459.0 205.0 884.0 3765.03853106
0.0 1379.0 247.0 1053.0 4529.14271362
0.0 1715.0 72.0 247.0 1309.65551299
0.0 977.0 2991.0 14261.0 59389.8475968
0.0 659.0 3141.0 15153.0 62597.8469734
0.0 1325.0 271.0 1254.0 5059.22468872
0.0 1685.0 81.0 353.0 1580.76707975
0.0 1647.0 108.0 397.0 1912.85321402
0.0 1159.0 2892.0 13946.0 57476.9164685
0.0 1395.0 232.0 1043.0 4390.98565831
0.0 1773.0 35.0 184.0 742.345038113
0.0 1365.0 249.0 1148.0 4698.30014083
0.0 646.0 3170.0 15024.0 62695.9245513
0.0 1419.0 227.0 935.0 4170.24026612
0.0 714.0 3135.0 14889.0 61972.1671942
0.0 1767.0 40.0 173.0 776.34557146
0.0 1547.0 166.0 611.0 2902.53918577
0.0 1791.0 37.0 101.0 581.461921646
0.0 703.0 3136.0 14973.0 62067.0950009
0.0 1603.0 137.0 454.0 2356.57451663
0.0 928.0 3010.0 14496.0 59844.2095919
0.0 1423.0 226.0 971.0 4106.80207455
0.0 1717.0 63.0 302.0 1263.09274177
0.0 1761.0 42.0 227.0 868.291686606
0.0 1273.0 297.0 1374.0 5600.1702351
0.0 1443.0 220.0 884.0 3867.82879292
0.0 1743.0 52.0 216.0 1049.11018101
0.0 1615.0 105.0 630.0 2241.909378
0.0 1835.0 8.0 32.0 142.614756841
0.0 1249.0 312.0 1439.0 5833.40289122
0.0 1807.0 19.0 114.0 408.314415373
0.0 1545.0 158.0 650.0 2970.18763203
0.0 1579.0 144.0 514.0 2575.32233195
0.0 1419.0 218.0 1007.0 4181.76661438
0.0 1457.0 200.0 883.0 3815.91935171
0.0 1637.0 115.0 425.0 2036.37872426
0.0 1595.0 139.0 521.0 2435.1836734
0.0 1697.0 82.0 296.0 1443.02679983
0.0 1743.0 49.0 234.0 1047.18597737
0.0 1763.0 46.0 192.0 842.651699774
0.0 1479.0 192.0 832.0 3534.02032862
0.0 1679.0 87.0 392.0 1590.5706014
0.0 1415.0 223.0 990.0 4186.014051
0.0 1261.0 306.0 1396.0 5692.05582378
0.0 1785.0 30.0 161.0 615.885632307
0.0 1817.0 14.0 95.0 284.860162819
0.0 1829.0 12.0 55.0 187.604070091
0.0 1563.0 140.0 677.0 2784.15864217
0.0 1765.0 35.0 244.0 850.512788223
0.0 1006.0 2971.0 14194.0 59155.8156189
0.0 1439.0 204.0 975.0 3994.22558253
0.0 1307.0 279.0 1278.0 5276.30256636
0.0 1287.0 294.0 1327.0 5422.7471298
0.0 704.0 3128.0 14992.0 62180.9233645
0.0 1671.0 94.0 376.0 1715.33854306
0.0 1391.0 240.0 1020.0 4448.85689331
0.0 866.0 3058.0 14591.0 60535.9956523
0.0 1433.0 210.0 981.0 4024.18258528
0.0 1541.0 152.0 702.0 2978.32640368
0.0 1381.0 236.0 1129.0 4493.59716155
0.0 1573.0 137.0 636.0 2653.54617579
0.0 1701.0 75.0 327.0 1407.29384343
0.0 1777.0 31.0 197.0 714.553051456
0.0 1397.0 238.0 1021.0 4387.72023271
0.0 1639.0 109.0 431.0 2018.21369722
0.0 1295.0 290.0 1292.0 5376.50434401
0.0 1721.0 55.0 346.0 1246.67796149
0.0 632.0 3164.0 15175.0 62839.7423568
0.0 1359.0 255.0 1115.0 4753.94955003
0.0 1757.0 48.0 197.0 877.530135467
0.0 1283.0 295.0 1325.0 5499.6449706
0.0 1545.0 147.0 725.0 2944.40900576
0.0 1349.0 257.0 1177.0 4834.29411308
0.0 1533.0 174.0 638.0 3029.20722515
0.0 1577.0 134.0 641.0 2605.98388479
0.0 1555.0 162.0 608.0 2807.08265303
0.0 1675.0 85.0 414.0 1668.57727094
0.0 1705.0 66.0 331.0 1409.49150771
0.0 1391.0 234.0 1039.0 4437.27642891
0.0 1721.0 67.0 266.0 1235.87639997
0.0 1481.0 190.0 854.0 3522.10423569
0.0 1763.0 45.0 173.0 878.067141163
0.0 1693.0 76.0 362.0 1500.47048267
0.0 1739.0 55.0 230.0 1023.75368053
0.0 1601.0 119.0 603.0 2415.33552589
0.0 1375.0 248.0 1075.0 4569.25701281
0.0 1737.0 64.0 217.0 1052.1822255
0.0 1435.0 215.0 964.0 4003.05825157
0.0 1775.0 42.0 133.0 714.127225435
0.0 1353.0 257.0 1123.0 4852.48400336
0.0 1545.0 167.0 596.0 2942.62294788
0.0 1745.0 51.0 211.0 1045.04504074
0.0 730.0 3115.0 14917.0 61901.3708239
0.0 1507.0 171.0 761.0 3328.08607761
0.0 1759.0 41.0 232.0 876.519462579
0.0 1751.0 65.0 137.0 921.724741101
0.0 649.0 3156.0 15101.0 62669.6660976
0.0 1549.0 176.0 576.0 2892.09288517
0.0 1423.0 224.0 925.0 4130.19983294
0.0 1821.0 14.0 87.0 259.379113214
0.0 1681.0 102.0 277.0 1613.52366144
0.0 1509.0 180.0 702.0 3276.78078546
0.0 1381.0 243.0 1068.0 4571.93062609
0.0 1809.0 17.0 116.0 406.305294638
0.0 1777.0 35.0 178.0 680.682114688
0.0 1685.0 78.0 367.0 1613.41674536
0.0 1361.0 264.0 1066.0 4755.17089325
0.0 1763.0 40.0 227.0 848.050538714
0.0 978.0 2990.0 14290.0 59355.0465665
0.0 1495.0 201.0 720.0 3433.30276064
0.0 1791.0 30.0 114.0 567.805454297
0.0 1663.0 93.0 390.0 1841.68899411
0.0 1703.0 81.0 263.0 1378.13924636
0.0 1713.0 69.0 298.0 1295.53369626
0.0 1198.0 2894.0 13642.0 57215.3955625
0.0 697.0 3135.0 15002.0 62196.8692021
0.0 1705.0 79.0 268.0 1385.95008282
0.0 1759.0 49.0 185.0 861.851810612
0.0 1391.0 233.0 1074.0 4411.11695573
0.0 1679.0 98.0 308.0 1667.6605903
0.0 1735.0 68.0 186.0 1066.250471
0.0 1259.0 309.0 1411.0 5714.47387907
0.0 676.0 3134.0 15142.0 62466.2371391
0.0 1595.0 130.0 567.0 2474.15152005
0.0 1323.0 274.0 1221.0 5108.07074742
0.0 1251.0 311.0 1435.0 5787.79857861
0.0 1255.0 310.0 1421.0 5770.73333718
0.0 1709.0 77.0 268.0 1341.10895822
0.0 1781.0 39.0 125.0 676.359107918
0.0 1565.0 154.0 589.0 2723.88781173
0.0 1511.0 160.0 851.0 3242.37071306
0.0 1561.0 166.0 593.0 2780.7595003
0.0 1705.0 73.0 282.0 1433.00574938
0.0 1359.0 252.0 1144.0 4756.02520297
0.0 616.0 3170.0 15190.0 62998.5697049
0.0 1565.0 149.0 610.0 2692.11061764
0.0 1325.0 272.0 1233.0 5086.56871836
0.0 1677.0 80.0 422.0 1631.54734711
0.0 1639.0 102.0 496.0 2040.82898518
0.0 1239.0 317.0 1470.0 5911.80161761
0.0 1479.0 187.0 847.0 3596.03166625
0.0 1575.0 154.0 529.0 2629.48711317
0.0 1779.0 32.0 176.0 690.920844987
0.0 1563.0 151.0 627.0 2728.23128121
0.0 1633.0 114.0 464.0 2057.55060658
0.0 1821.0 16.0 61.0 292.162451217
0.0 1549.0 157.0 601.0 2866.6383181
0.0 1663.0 108.0 363.0 1748.75832959
0.0 1485.0 188.0 776.0 3568.4591423
0.0 1403.0 243.0 954.0 4277.17080543
0.0 1639.0 121.0 399.0 2032.63559915
0.0 1299.0 287.0 1308.0 5310.28499536
0.0 1523.0 164.0 746.0 3156.85003715
0.0 1547.0 149.0 690.0 2937.84601234
0.0 1319.0 279.0 1230.0 5112.37098802
0.0 1307.0 280.0 1274.0 5286.07438505
0.0 600.0 3183.0 15185.0 63129.6600865
0.0 1335.0 255.0 1255.0 4970.87813399
0.0 1423.0 217.0 1000.0 4117.26698006
0.0 1563.0 137.0 686.0 2798.12122333
0.0 1755.0 41.0 277.0 901.952056539
0.0 1713.0 72.0 259.0 1290.75816074
0.0 1693.0 81.0 326.0 1524.25773324
0.0 735.0 3116.0 14901.0 61824.6761277
0.0 1659.0 99.0 396.0 1815.89518141
0.0 1007.0 2974.0 14223.0 59145.5396412
0.0 1833.0 6.0 62.0 168.157044876
0.0 1455.0 198.0 926.0 3749.75322241
0.0 1695.0 92.0 297.0 1495.83487125
0.0 1731.0 62.0 227.0 1106.83621188
0.0 1633.0 103.0 534.0 2083.84927337
0.0 1609.0 126.0 496.0 2272.24368022
0.0 1347.0 260.0 1169.0 4877.33884877
0.0 1569.0 151.0 553.0 2714.49565852
0.0 1315.0 280.0 1233.0 5188.56575218
0.0 1811.0 25.0 58.0 370.186673613
0.0 1551.0 146.0 655.0 2898.272908
0.0 1533.0 152.0 813.0 2980.14274814
0.0 1705.0 80.0 259.0 1360.46636408
0.0 1519.0 172.0 720.0 3191.34009087
0.0 1445.0 199.0 966.0 3931.13385253
0.0 1447.0 224.0 851.0 3883.57395283
0.0 773.0 3097.0 14777.0 61379.7251643
0.0 1553.0 146.0 687.0 2878.36387125
0.0 1359.0 260.0 1103.0 4753.27131007
0.0 1781.0 37.0 143.0 654.856996394
0.0 621.0 3167.0 15158.0 62949.4393757
0.0 1679.0 80.0 410.0 1658.57686579
0.0 1789.0 29.0 139.0 573.772566096
0.0 615.0 3166.0 15255.0 63005.0854623
0.0 710.0 3128.0 15008.0 62039.7839143
0.0 1723.0 76.0 261.0 1189.10806573
0.0 1463.0 195.0 883.0 3725.44146245
0.0 1417.0 226.0 958.0 4201.13641997
0.0 1267.0 301.0 1400.0 5640.75519076
0.0 1671.0 88.0 408.0 1736.62527561
0.0 1000.0 2971.0 14334.0 59155.4359766
0.0 1725.0 78.0 201.0 1170.74957234
0.0 914.0 3017.0 14459.0 60118.1729004
0.0 1475.0 188.0 884.0 3617.83033642
0.0 1603.0 117.0 569.0 2400.12410225
0.0 1415.0 230.0 966.0 4234.47900888
0.0 1779.0 38.0 150.0 675.343840023
0.0 1695.0 78.0 322.0 1443.94669555
0.0 1747.0 48.0 281.0 983.944762464
0.0 1337.0 267.0 1181.0 4964.34220313
0.0 1589.0 133.0 544.0 2523.66111451
0.0 1473.0 192.0 833.0 3692.29335678
0.0 706.0 3126.0 14973.0 62146.0500002
0.0 791.0 3086.0 14781.0 61267.5715959
0.0 1757.0 53.0 175.0 886.606441039
0.0 1501.0 174.0 773.0 3385.60795374
0.0 1303.0 281.0 1291.0 5295.20206954
0.0 1349.0 259.0 1155.0 4809.1403558
0.0 1371.0 246.0 1129.0 4635.4252687
0.0 1791.0 26.0 144.0 586.690862341
0.0 1673.0 83.0 439.0 1709.64338907
0.0 1795.0 26.0 141.0 500.97505836
0.0 1787.0 30.0 160.0 555.703603827
0.0 659.0 3160.0 14977.0 62589.9817653
0.0 1619.0 109.0 551.0 2259.66939441
0.0 1719.0 53.0 347.0 1264.42816431
0.0 1477.0 183.0 894.0 3592.38078282
0.0 667.0 3164.0 14968.0 62450.6839333
0.0 626.0 3153.0 15273.0 62931.9796099
0.0 1605.0 137.0 496.0 2313.81569353
0.0 1371.0 242.0 1143.0 4621.27249783
0.0 1683.0 80.0 366.0 1603.87555405
0.0 1749.0 41.0 273.0 979.870884786
0.0 1397.0 225.0 1073.0 4354.05286386
0.0 1267.0 303.0 1378.0 5645.01379524
0.0 1263.0 305.0 1396.0 5681.02453357
0.0 1775.0 41.0 156.0 703.040502708
0.0 1521.0 162.0 759.0 3183.73081988
0.0 640.0 3155.0 15199.0 62741.5909154
0.0 616.0 3168.0 15205.0 63031.2725006
0.0 1583.0 134.0 557.0 2600.6631712
0.0 1253.0 308.0 1443.0 5788.59245331
0.0 1277.0 300.0 1352.0 5540.22853889
0.0 1517.0 156.0 856.0 3246.57337831
0.0 1421.0 214.0 980.0 4163.12085761
0.0 1577.0 136.0 610.0 2621.67505825
0.0 1749.0 49.0 228.0 956.647616441
0.0 1381.0 233.0 1122.0 4508.3314944
0.0 686.0 3143.0 15040.0 62245.2705474
0.0 1451.0 216.0 826.0 3860.89371584
0.0 1617.0 112.0 551.0 2247.41326596
0.0 1769.0 35.0 190.0 770.193759734
0.0 1441.0 197.0 1005.0 3957.42751492
0.0 1249.0 310.0 1461.0 5825.51520853
0.0 1721.0 73.0 220.0 1252.14812853
0.0 1579.0 142.0 589.0 2584.23358354
0.0 1441.0 206.0 962.0 3965.34184087
0.0 652.0 3167.0 15068.0 62599.8918808
0.0 1461.0 198.0 852.0 3735.2300991
0.0 1041.0 2941.0 14217.0 58773.3160785
0.0 1339.0 253.0 1242.0 4926.10532535
0.0 1649.0 98.0 463.0 1946.08043806
0.0 1689.0 75.0 359.0 1573.51729156
0.0 1253.0 310.0 1431.0 5778.20990645
0.0 1621.0 103.0 580.0 2185.14910842
0.0 1671.0 90.0 389.0 1708.45115529
0.0 1491.0 171.0 838.0 3464.29405983
0.0 1561.0 133.0 758.0 2752.19974622
0.0 1733.0 62.0 218.0 1122.73955054
0.0 655.0 3163.0 14985.0 62641.2009175
0.0 1805.0 28.0 72.0 448.800282314
0.0 1271.0 303.0 1349.0 5616.77329009
0.0 1573.0 150.0 550.0 2612.27400876
0.0 617.0 3171.0 15212.0 62995.0230735
0.0 1703.0 69.0 328.0 1436.84405336
0.0 1237.0 318.0 1480.0 5939.11916114
0.0 1305.0 277.0 1309.0 5264.70593522
0.0 1693.0 77.0 348.0 1531.89699919
0.0 990.0 2974.0 14320.0 59304.3350513
0.0 1613.0 116.0 520.0 2304.8591276
0.0 1743.0 60.0 184.0 986.481850175
0.0 1745.0 50.0 246.0 1003.38934294
0.0 1403.0 230.0 1026.0 4297.28038639
0.0 1389.0 247.0 1024.0 4443.49761906
0.0 1575.0 123.0 761.0 2680.73656869
0.0 663.0 3157.0 15028.0 62529.7807568
0.0 1681.0 90.0 350.0 1622.26720942
0.0 1795.0 29.0 115.0 530.244892178
0.0 1793.0 30.0 104.0 500.069694828
0.0 1405.0 224.0 1023.0 4320.66876067
0.0 1575.0 141.0 585.0 2628.58986305
0.0 1723.0 70.0 234.0 1201.35741431
0.0 1473.0 182.0 912.0 3656.72534883
0.0 1399.0 221.0 1103.0 4419.34102076
0.0 1663.0 89.0 429.0 1805.73013029
0.0 619.0 3164.0 15250.0 62950.0120889
0.0 622.0 3180.0 15127.0 62946.8490813
0.0 1713.0 69.0 270.0 1313.74106006
0.0 1337.0 268.0 1207.0 4961.18046025
0.0 707.0 3140.0 14912.0 62031.1596698
0.0 1321.0 276.0 1220.0 5131.94906341
0.0 1813.0 16.0 92.0 346.756543257
0.0 1469.0 179.0 940.0 3698.09847451
0.0 1517.0 168.0 733.0 3235.0412703
0.0 1785.0 39.0 129.0 614.693912415
0.0 1439.0 212.0 919.0 3947.30527619
0.0 858.0 3064.0 14545.0 60583.0382436
0.0 1323.0 276.0 1217.0 5096.04384194
0.0 1759.0 44.0 186.0 897.225910221
0.0 1471.0 188.0 886.0 3645.49541383
0.0 1561.0 144.0 654.0 2764.38847157
0.0 1595.0 125.0 581.0 2440.11602061
0.0 612.0 3188.0 15124.0 63044.2505167
0.0 1783.0 33.0 174.0 624.849965691
0.0 1557.0 145.0 674.0 2807.08856378
0.0 638.0 3160.0 15128.0 62789.6689703
0.0 643.0 3167.0 15043.0 62721.4791308
0.0 1821.0 13.0 70.0 298.572079557
0.0 1827.0 10.0 57.0 216.268160412
0.0 1623.0 122.0 476.0 2182.55256063
0.0 1539.0 165.0 729.0 2996.0249045
0.0 1659.0 109.0 358.0 1849.27599808
0.0 1345.0 265.0 1143.0 4873.34141374
0.0 1441.0 209.0 896.0 3979.39765864
0.0 1293.0 288.0 1309.0 5375.30552004
0.0 1669.0 81.0 435.0 1735.29818377
0.0 1787.0 28.0 161.0 612.705285644
0.0 1719.0 66.0 276.0 1238.99146724
0.0 1571.0 150.0 560.0 2695.52298829
0.0 1435.0 207.0 971.0 4030.05592138
0.0 1557.0 156.0 612.0 2803.14748174
0.0 1719.0 65.0 288.0 1277.79612819
0.0 1363.0 246.0 1164.0 4689.69011016
0.0 625.0 3175.0 15144.0 62887.7631662
0.0 1499.0 179.0 778.0 3385.70582073
0.0 1527.0 164.0 704.0 3122.02616493
0.0 1601.0 133.0 509.0 2353.90697876
0.0 1527.0 159.0 715.0 3118.98523533
0.0 1761.0 45.0 195.0 883.220549931
0.0 1813.0 17.0 64.0 335.196564407
0.0 1655.0 105.0 382.0 1833.20133055
0.0 1573.0 136.0 618.0 2706.3351649
0.0 1811.0 17.0 98.0 387.98866639
0.0 1589.0 135.0 554.0 2487.16742572
0.0 1775.0 46.0 121.0 694.151983507
0.0 1585.0 139.0 536.0 2556.27549802
0.0 1413.0 220.0 1035.0 4261.74666936
0.0 1627.0 127.0 394.0 2124.24197882
0.0 1657.0 101.0 394.0 1887.01772228
0.0 1245.0 311.0 1471.0 5866.38129317
0.0 1305.0 280.0 1311.0 5250.63399509
0.0 1723.0 61.0 309.0 1187.9503225
0.0 1583.0 143.0 570.0 2562.27882136
0.0 1475.0 206.0 793.0 3617.5774373
0.0 1593.0 136.0 537.0 2410.57187518
0.0 1267.0 305.0 1378.0 5635.8498243
0.0 1677.0 81.0 404.0 1676.0003108
0.0 1715.0 65.0 291.0 1312.77773943
0.0 1421.0 220.0 977.0 4171.47410357
0.0 1663.0 89.0 469.0 1741.88238736
0.0 1591.0 131.0 534.0 2525.07321789
0.0 1347.0 259.0 1172.0 4875.01558782
0.0 671.0 3142.0 15059.0 62489.3623752
0.0 1529.0 176.0 648.0 3100.49940616
0.0 1835.0 7.0 42.0 143.788484724
0.0 1431.0 212.0 969.0 4050.8068128
0.0 1661.0 86.0 462.0 1859.39354751
0.0 1689.0 85.0 317.0 1568.87870748
0.0 609.0 3172.0 15263.0 63095.509218
0.0 1010.0 2976.0 14192.0 59063.1044436
0.0 1617.0 114.0 544.0 2279.2310556
0.0 1797.0 24.0 138.0 486.297133933
0.0 1805.0 23.0 112.0 387.918032219
0.0 1807.0 17.0 123.0 400.321683316
0.0 1297.0 285.0 1301.0 5351.36377672
0.0 1683.0 82.0 348.0 1651.33280478
0.0 1605.0 127.0 507.0 2338.23050041
0.0 1567.0 160.0 543.0 2672.79281254
0.0 1377.0 246.0 1075.0 4579.23634199
0.0 1595.0 144.0 487.0 2469.83855086
0.0 1435.0 219.0 902.0 4033.63414314
0.0 647.0 3150.0 15205.0 62742.4154288
0.0 748.0 3101.0 14873.0 61719.1239228
0.0 1721.0 52.0 345.0 1248.65733396
0.0 713.0 3122.0 14978.0 62090.4981947
0.0 1709.0 66.0 331.0 1335.64779999
0.0 646.0 3158.0 15119.0 62771.6470076
0.0 623.0 3168.0 15149.0 62952.8553723
0.0 609.0 3170.0 15293.0 63115.761614
0.0 1745.0 55.0 214.0 1005.60589746
0.0 1319.0 270.0 1268.0 5141.87987845
0.0 1539.0 173.0 621.0 2948.75720126
0.0 1619.0 108.0 563.0 2220.94595994
0.0 1499.0 176.0 800.0 3400.21435631
0.0 1593.0 120.0 624.0 2470.14316229
0.0 1515.0 162.0 800.0 3221.42739369
0.0 1353.0 254.0 1162.0 4780.45051184
0.0 1771.0 41.0 171.0 727.968161527
0.0 1737.0 51.0 270.0 1093.4058897
0.0 1337.0 266.0 1159.0 4994.36751507
0.0 1473.0 194.0 845.0 3598.280491
0.0 648.0 3151.0 15104.0 62638.7262992
0.0 1615.0 106.0 589.0 2295.15723017
0.0 647.0 3154.0 15145.0 62758.261546
0.0 705.0 3132.0 14964.0 62150.6447773
0.0 1557.0 138.0 753.0 2808.82065157
0.0 1509.0 173.0 757.0 3292.61398448
0.0 1793.0 28.0 108.0 559.724010129
0.0 1269.0 306.0 1360.0 5647.01257914
0.0 1295.0 291.0 1284.0 5396.03355405
0.0 1459.0 210.0 819.0 3812.50956561
0.0 1271.0 298.0 1383.0 5616.55379096
0.0 1467.0 189.0 914.0 3691.03644418
0.0 1675.0 79.0 433.0 1690.51457314
0.0 1667.0 86.0 444.0 1737.36193765
0.0 1713.0 70.0 263.0 1312.74715886
0.0 1547.0 165.0 589.0 2926.91441714
0.0 1549.0 139.0 763.0 2927.17846443
0.0 1166.0 2920.0 13687.0 57439.3702605
0.0 1551.0 147.0 700.0 2856.74837094
0.0 1411.0 222.0 1021.0 4278.18023003
0.0 1789.0 27.0 155.0 592.673703473
0.0 1765.0 40.0 218.0 800.458153726
0.0 625.0 3169.0 15114.0 62917.4393461
0.0 1539.0 152.0 739.0 3012.93160313
0.0 1715.0 79.0 218.0 1325.75660322
0.0 1379.0 241.0 1077.0 4571.13565341
0.0 636.0 3157.0 15181.0 62805.4633191
0.0 1519.0 156.0 836.0 3192.54685978
0.0 1805.0 22.0 102.0 441.247642573
0.0 1727.0 60.0 275.0 1144.02784055
0.0 634.0 3169.0 15091.0 62819.1929785
0.0 1429.0 212.0 964.0 4067.50794992
0.0 1741.0 47.0 269.0 1060.78471874
0.0 1565.0 164.0 568.0 2759.05112767
0.0 1601.0 125.0 560.0 2396.30718882
0.0 1569.0 127.0 773.0 2703.29711763
0.0 1361.0 258.0 1121.0 4695.54570344
0.0 1737.0 54.0 252.0 1127.78899999
0.0 1617.0 129.0 422.0 2225.03119747
0.0 1369.0 249.0 1095.0 4632.05109311
0.0 1547.0 150.0 687.0 2911.23166378
0.0 1513.0 162.0 867.0 3233.97925081
0.0 627.0 3165.0 15198.0 62888.2880311
0.0 1793.0 27.0 140.0 526.046094223
0.0 1569.0 137.0 651.0 2707.23437264
0.0 1583.0 126.0 678.0 2591.58417255
0.0 1625.0 118.0 436.0 2148.23371163
0.0 1669.0 80.0 462.0 1754.69729215
0.0 782.0 3093.0 14741.0 61378.1550668
0.0 617.0 3165.0 15228.0 63057.9954312
0.0 1777.0 37.0 154.0 656.157532253
0.0 1535.0 165.0 639.0 3031.37912327
0.0 1567.0 139.0 660.0 2742.89931508
0.0 1479.0 196.0 808.0 3574.53826329
0.0 1543.0 145.0 758.0 2940.28503506
0.0 1747.0 54.0 209.0 981.324748669
0.0 1733.0 61.0 215.0 1131.57676606
0.0 1305.0 285.0 1263.0 5284.65371246
0.0 1749.0 50.0 207.0 983.994087469
0.0 1649.0 86.0 527.0 1953.85106472
0.0 1389.0 244.0 1038.0 4468.74274014
0.0 667.0 3148.0 15125.0 62491.4316477
0.0 1351.0 260.0 1165.0 4788.80642716
0.0 664.0 3150.0 15041.0 62551.4638347
0.0 1397.0 231.0 1058.0 4412.41016085
0.0 1403.0 225.0 1048.0 4286.79064995
0.0 1719.0 72.0 242.0 1216.0072119
0.0 1561.0 134.0 725.0 2790.59481439
0.0 1685.0 83.0 352.0 1597.59135753
0.0 1507.0 165.0 804.0 3312.59607185
0.0 1771.0 49.0 154.0 737.72231828
0.0 664.0 3148.0 15080.0 62557.9376509
0.0 1665.0 88.0 439.0 1753.41558851
0.0 1525.0 157.0 768.0 3183.75329195
0.0 1667.0 96.0 379.0 1700.6597352
0.0 726.0 3124.0 14900.0 61862.4071003
0.0 1373.0 255.0 1046.0 4650.5115755
0.0 1537.0 178.0 605.0 2976.39924268
0.0 1765.0 46.0 167.0 826.136149741
0.0 1523.0 180.0 667.0 3064.07758601
0.0 1739.0 56.0 229.0 1046.48904023
0.0 1483.0 174.0 968.0 3529.98293916
0.0 623.0 3163.0 15200.0 62931.6973321
0.0 1611.0 113.0 533.0 2303.81000929
0.0 1389.0 238.0 1053.0 4478.54451618
0.0 1683.0 85.0 332.0 1645.02891958
0.0 722.0 3112.0 14989.0 61959.5393517
0.0 1755.0 47.0 187.0 971.192844289
0.0 1503.0 176.0 803.0 3358.15051673
0.0 1707.0 69.0 294.0 1414.69514059
0.0 1273.0 299.0 1380.0 5581.17243664
0.0 1731.0 61.0 237.0 1157.5932741
0.0 1717.0 75.0 230.0 1238.74842275
0.0 1645.0 111.0 425.0 1945.41956284
0.0 1255.0 312.0 1418.0 5758.97425635
0.0 667.0 3151.0 15090.0 62465.5298308
0.0 645.0 3160.0 15101.0 62736.6439452
0.0 1793.0 27.0 116.0 553.081812092
0.0 1437.0 214.0 909.0 3953.87711637
0.0 1537.0 167.0 649.0 3001.55935048
0.0 1723.0 64.0 242.0 1245.17125422
0.0 1253.0 312.0 1420.0 5773.98900767
0.0 1661.0 86.0 475.0 1830.05141432
0.0 1799.0 25.0 96.0 469.131058138
0.0 1781.0 38.0 136.0 670.401078246
0.0 1825.0 12.0 82.0 219.80183717
0.0 1683.0 81.0 362.0 1627.51697681
0.0 1359.0 243.0 1175.0 4749.1655119
0.0 1415.0 220.0 1024.0 4217.10543265
0.0 1499.0 188.0 721.0 3405.86231696
0.0 1709.0 71.0 284.0 1314.5220179
0.0 1651.0 105.0 397.0 1932.31164898
0.0 742.0 3100.0 14930.0 61768.5148085
0.0 1737.0 57.0 254.0 1068.9720287
0.0 1747.0 44.0 267.0 1028.21094631
0.0 1158.0 2919.0 13669.0 57543.043956
0.0 1417.0 229.0 972.0 4168.82592525
0.0 1679.0 99.0 298.0 1598.04676711
0.0 1775.0 33.0 164.0 718.049537222
0.0 892.0 3031.0 14541.0 60290.0650814
0.0 1599.0 141.0 471.0 2360.0763452
0.0 1653.0 114.0 345.0 1824.32839177
0.0 1567.0 139.0 643.0 2748.43635501
0.0 1491.0 181.0 815.0 3460.24434147
0.0 1585.0 126.0 598.0 2550.17856574
0.0 1761.0 43.0 198.0 864.075250492
0.0 1677.0 96.0 315.0 1640.62725523
0.0 1473.0 183.0 940.0 3616.69150521
0.0 1156.0 2918.0 13817.0 57580.5515027
0.0 1661.0 95.0 409.0 1833.8877315
0.0 629.0 3166.0 15126.0 62902.0417066
0.0 1781.0 32.0 179.0 639.530009302
0.0 1721.0 62.0 296.0 1258.4935393
0.0 737.0 3120.0 14824.0 61792.6817435
0.0 1647.0 97.0 454.0 1970.37945859
0.0 1471.0 207.0 786.0 3651.83733172
0.0 1241.0 315.0 1470.0 5899.07872796
0.0 679.0 3136.0 15068.0 62344.5656535
0.0 1557.0 172.0 556.0 2814.75559172
0.0 1239.0 318.0 1467.0 5914.58750039
0.0 1569.0 146.0 617.0 2673.49365657
0.0 621.0 3165.0 15200.0 62948.8961927
0.0 1521.0 160.0 765.0 3165.3210023
0.0 1313.0 283.0 1233.0 5185.85288453
0.0 1337.0 260.0 1208.0 4971.10491174
0.0 1685.0 75.0 420.0 1623.81303291
0.0 1631.0 115.0 437.0 2091.2524731
0.0 1415.0 217.0 1028.0 4197.11559766
0.0 1655.0 94.0 442.0 1864.80903099
0.0 1631.0 113.0 438.0 2099.57610719
0.0 1471.0 191.0 883.0 3685.9228401
0.0 1657.0 94.0 459.0 1811.11428369
0.0 1657.0 100.0 400.0 1838.66613796
0.0 1509.0 170.0 770.0 3268.21261189
0.0 646.0 3178.0 15028.0 62622.3122253
0.0 1693.0 69.0 375.0 1542.90210595
0.0 1739.0 63.0 207.0 1130.92045771
0.0 1565.0 155.0 584.0 2758.52062708
0.0 1661.0 90.0 449.0 1838.53548079
0.0 1751.0 46.0 202.0 973.55980488
0.0 1817.0 12.0 94.0 306.153473757
0.0 1767.0 45.0 171.0 792.356194333
0.0 1721.0 51.0 375.0 1274.67494952
0.0 1241.0 316.0 1465.0 5905.02073478
0.0 1465.0 198.0 878.0 3697.41076239
0.0 1455.0 188.0 959.0 3863.78115694
0.0 635.0 3170.0 15111.0 62814.1168054
0.0 1453.0 214.0 828.0 3800.78082245
0.0 1651.0 99.0 448.0 1870.89859668
0.0 1054.0 2950.0 14169.0 58683.6789828
0.0 1481.0 192.0 808.0 3567.36272
0.0 1603.0 135.0 473.0 2372.59999069
0.0 1403.0 241.0 979.0 4290.43881483
0.0 1653.0 100.0 438.0 1852.28063385
0.0 620.0 3162.0 15212.0 62976.8436421
0.0 623.0 3162.0 15247.0 62952.1886285
0.0 622.0 3159.0 15248.0 62994.6092476
0.0 601.0 3172.0 15274.0 63170.1532512
0.0 1535.0 168.0 732.0 3010.40615622
0.0 1491.0 197.0 763.0 3447.1416248
0.0 1519.0 168.0 721.0 3210.51993854
0.0 651.0 3165.0 15051.0 62635.2065659
0.0 1585.0 151.0 497.0 2483.79594164
0.0 1625.0 107.0 529.0 2157.58793204
0.0 1535.0 166.0 666.0 3024.42610309
0.0 698.0 3129.0 14984.0 62218.1575147
0.0 1655.0 95.0 436.0 1898.48515423
0.0 1825.0 16.0 41.0 236.834647444
0.0 1521.0 152.0 905.0 3201.74293075
0.0 1397.0 224.0 1128.0 4411.02967565
0.0 1559.0 138.0 758.0 2776.94680324
0.0 1351.0 266.0 1144.0 4801.60538995
0.0 1673.0 79.0 473.0 1684.31444899
0.0 1801.0 19.0 153.0 473.086278658
0.0 1555.0 143.0 713.0 2862.36097433
0.0 1701.0 73.0 337.0 1399.33244531
0.0 639.0 3161.0 15088.0 62802.7325155
0.0 1449.0 192.0 977.0 3873.01867565
0.0 1525.0 166.0 738.0 3058.58494661
0.0 1643.0 119.0 373.0 1931.49001068
0.0 750.0 3118.0 14822.0 61547.9910128
0.0 1683.0 80.0 457.0 1577.83246694
0.0 1461.0 192.0 947.0 3761.68382049
0.0 618.0 3169.0 15165.0 62987.6188172
0.0 1757.0 46.0 186.0 911.245178271
0.0 971.0 2985.0 14305.0 59464.6927188
0.0 1547.0 135.0 768.0 2937.34720991
0.0 1815.0 16.0 79.0 328.576096459
0.0 617.0 3165.0 15250.0 62976.5661912
0.0 1501.0 183.0 712.0 3383.31098009
0.0 1477.0 183.0 874.0 3617.16462513
0.0 1459.0 198.0 880.0 3793.60768158
0.0 1401.0 229.0 1040.0 4308.28339018
0.0 1307.0 278.0 1301.0 5243.99246577
0.0 1613.0 136.0 445.0 2189.58069119
0.0 1661.0 108.0 332.0 1793.23257813
0.0 1465.0 209.0 838.0 3716.18208807
0.0 1771.0 44.0 150.0 745.247869759
0.0 1599.0 120.0 605.0 2430.28792803
0.0 1753.0 48.0 206.0 952.756076435
0.0 745.0 3112.0 14837.0 61675.4949148
0.0 1699.0 72.0 334.0 1457.92153615
0.0 868.0 3050.0 14517.0 60469.5252422
0.0 1693.0 74.0 381.0 1541.74939803
0.0 1837.0 6.0 33.0 111.949444606
0.0 1611.0 125.0 477.0 2321.42318287
0.0 608.0 3174.0 15231.0 63112.2964079
0.0 1637.0 98.0 530.0 2039.94470847
0.0 1495.0 181.0 821.0 3372.83399702
0.0 1761.0 43.0 202.0 831.803548381
0.0 897.0 3042.0 14524.0 60148.3794471
0.0 1461.0 195.0 896.0 3731.83912931
0.0 1471.0 200.0 806.0 3684.77265703
0.0 1589.0 145.0 491.0 2509.23136762
0.0 894.0 3036.0 14442.0 60286.1901752
0.0 1409.0 229.0 997.0 4209.39385275
0.0 1375.0 240.0 1090.0 4582.30794466
0.0 1583.0 134.0 597.0 2540.4222837
0.0 1489.0 178.0 864.0 3485.17729104
0.0 1479.0 193.0 811.0 3584.7502623
0.0 1357.0 253.0 1158.0 4784.30813755
0.0 1309.0 285.0 1241.0 5237.08551032
0.0 1533.0 176.0 635.0 2980.27909123
0.0 1571.0 152.0 556.0 2619.80792734
0.0 657.0 3162.0 14968.0 62591.8114001
0.0 1795.0 29.0 135.0 501.405378046
0.0 1745.0 56.0 238.0 965.546384898
0.0 1605.0 143.0 450.0 2292.39575347
0.0 1511.0 181.0 695.0 3275.1234522
0.0 1697.0 72.0 361.0 1488.35011878
0.0 1687.0 74.0 403.0 1555.89546425
0.0 1725.0 59.0 301.0 1146.78027472
0.0 1641.0 97.0 534.0 2043.53626683
0.0 1611.0 120.0 518.0 2316.63923012
0.0 1677.0 85.0 376.0 1661.99690167
0.0 1727.0 54.0 318.0 1185.73700452
0.0 1743.0 56.0 211.0 1012.12729843
0.0 1321.0 278.0 1198.0 5132.53043919
0.0 1523.0 171.0 755.0 3105.08723945
0.0 1511.0 184.0 706.0 3236.23956126
0.0 1685.0 76.0 376.0 1589.54227918
0.0 1451.0 194.0 953.0 3885.2546197
0.0 1839.0 6.0 26.0 105.080597938
0.0 1597.0 142.0 487.0 2457.26444747
0.0 1825.0 10.0 72.0 243.274654045
0.0 1651.0 99.0 419.0 1954.5271504
0.0 639.0 3167.0 15051.0 62769.0863025
0.0 1561.0 156.0 586.0 2793.91952996
0.0 1581.0 128.0 673.0 2572.46788732
0.0 1807.0 21.0 104.0 398.31240035
0.0 1563.0 163.0 587.0 2728.79677994
0.0 1421.0 228.0 950.0 4149.35551782
0.0 1529.0 158.0 761.0 3041.2465293
0.0 1501.0 185.0 723.0 3332.71346075
0.0 1671.0 92.0 348.0 1726.30330932
0.0 1613.0 112.0 565.0 2297.96712615
0.0 994.0 2980.0 14206.0 59186.8534288
0.0 1605.0 134.0 482.0 2364.14987197
0.0 1787.0 26.0 169.0 614.316416647
0.0 1755.0 42.0 205.0 927.833668245
0.0 639.0 3166.0 15102.0 62767.4875763
0.0 1711.0 71.0 262.0 1302.5055812
0.0 1817.0 15.0 91.0 311.723777162
0.0 1373.0 252.0 1072.0 4647.87391614
0.0 626.0 3164.0 15166.0 62917.4451039
0.0 1769.0 48.0 144.0 806.306773838
0.0 1669.0 89.0 378.0 1761.83300162
0.0 1431.0 210.0 1024.0 3991.76607571
0.0 604.0 3179.0 15229.0 63156.3784051
0.0 1791.0 28.0 147.0 559.926357689
0.0 1473.0 195.0 795.0 3623.88133945
0.0 1745.0 59.0 193.0 1030.84525097
0.0 1665.0 102.0 376.0 1757.15053002
0.0 1631.0 103.0 528.0 2086.58587725
0.0 1647.0 114.0 365.0 1921.85154121
0.0 1817.0 16.0 85.0 311.280686917
0.0 1525.0 150.0 882.0 3162.30172469
0.0 648.0 3144.0 15222.0 62734.2576109
0.0 1543.0 153.0 679.0 2997.30554295
0.0 1341.0 259.0 1211.0 4911.04455984
0.0 693.0 3139.0 14967.0 62209.8324913
0.0 1451.0 197.0 950.0 3828.25513932
0.0 1475.0 197.0 825.0 3596.92661301
0.0 1375.0 246.0 1103.0 4580.15719302
0.0 1821.0 12.0 71.0 270.587068397
0.0 1701.0 65.0 374.0 1426.28153259
0.0 1669.0 94.0 348.0 1746.54445721
0.0 1347.0 255.0 1192.0 4824.34945414
0.0 1383.0 240.0 1088.0 4528.36643427
0.0 1547.0 143.0 777.0 2925.59570974
0.0 1251.0 312.0 1425.0 5814.33849073
0.0 1351.0 264.0 1119.0 4826.01730302
0.0 1259.0 307.0 1411.0 5714.93654959
0.0 1839.0 5.0 29.0 97.7866607325
0.0 1545.0 155.0 677.0 2942.55088973
0.0 638.0 3169.0 15089.0 62787.1570641
0.0 1533.0 162.0 686.0 3065.27627187
0.0 1385.0 252.0 1038.0 4485.4064852
0.0 1311.0 282.0 1250.0 5228.07388175
0.0 1449.0 202.0 941.0 3878.3832265
0.0 1547.0 156.0 678.0 2854.47743244
0.0 1677.0 82.0 387.0 1683.39335847
0.0 1837.0 5.0 43.0 108.623107338
0.0 1495.0 183.0 794.0 3406.55005724
0.0 1787.0 34.0 126.0 611.934665047
0.0 1301.0 288.0 1266.0 5313.47990974
0.0 1657.0 88.0 495.0 1880.49823277
0.0 1335.0 261.0 1243.0 4953.29516289
0.0 1281.0 294.0 1356.0 5499.66688932
0.0 1471.0 208.0 809.0 3633.80873812
0.0 1745.0 51.0 231.0 997.831435792
0.0 1659.0 101.0 394.0 1818.66118652
0.0 1601.0 124.0 565.0 2366.74426981
0.0 1545.0 140.0 850.0 2941.19986392
0.0 1271.0 306.0 1351.0 5591.36601049
0.0 1795.0 28.0 121.0 520.959192374
0.0 1707.0 79.0 268.0 1353.16494103
0.0 1641.0 119.0 399.0 2009.94985886
0.0 1034.0 2962.0 14155.0 58812.279778
0.0 736.0 3129.0 14733.0 61760.3081607
0.0 1437.0 220.0 881.0 4013.1293767
0.0 1769.0 35.0 181.0 786.932988339
0.0 1827.0 9.0 61.0 213.93127881
0.0 1553.0 170.0 583.0 2900.66685191
0.0 1273.0 301.0 1360.0 5579.08724988
0.0 1713.0 64.0 359.0 1274.61725977
0.0 1443.0 214.0 906.0 3912.13240583
0.0 1309.0 286.0 1248.0 5229.61721941
0.0 1535.0 155.0 696.0 3046.62199945
0.0 1587.0 139.0 537.0 2507.09523593
0.0 1551.0 160.0 630.0 2850.99525567
0.0 1773.0 35.0 195.0 721.866791736
0.0 1751.0 46.0 232.0 933.786850706
0.0 1579.0 142.0 552.0 2603.51298608
0.0 1335.0 268.0 1193.0 4979.32455634
0.0 643.0 3154.0 15148.0 62776.7813225
0.0 1767.0 56.0 99.0 780.068747306
0.0 1287.0 297.0 1320.0 5424.88245882
0.0 1809.0 21.0 90.0 386.208979262
0.0 1547.0 163.0 623.0 2880.02168649
0.0 621.0 3175.0 15137.0 62985.9780771
0.0 1249.0 313.0 1433.0 5812.00627665
0.0 1569.0 149.0 557.0 2720.52882454
0.0 1699.0 69.0 344.0 1476.1281204
0.0 1391.0 241.0 1030.0 4370.86979991
0.0 1285.0 294.0 1327.0 5490.18109273
0.0 1749.0 62.0 174.0 950.07849144
0.0 763.0 3097.0 14769.0 61492.8611034
0.0 1591.0 132.0 567.0 2486.21552445
0.0 1601.0 137.0 488.0 2348.65177514
0.0 1803.0 24.0 111.0 430.764808268
0.0 1595.0 137.0 499.0 2466.23753883
0.0 1579.0 131.0 634.0 2622.71085841
0.0 1361.0 244.0 1193.0 4737.38187523
0.0 1245.0 315.0 1445.0 5852.91386239
0.0 1319.0 274.0 1254.0 5118.17241538
0.0 643.0 3160.0 15190.0 62751.4295751
0.0 1709.0 80.0 242.0 1329.02647092
0.0 1747.0 49.0 260.0 950.176867372
0.0 1513.0 167.0 802.0 3217.91912769
0.0 655.0 3152.0 15139.0 62626.7767901
0.0 1323.0 276.0 1242.0 5088.01710721
0.0 1301.0 290.0 1264.0 5301.94905012
0.0 1573.0 130.0 661.0 2692.15222491
0.0 1281.0 295.0 1351.0 5517.98177645
0.0 1787.0 27.0 161.0 632.528625785
0.0 1371.0 237.0 1154.0 4604.41032226
0.0 1617.0 111.0 568.0 2269.99789484
0.0 1445.0 211.0 888.0 3932.05685764
0.0 664.0 3157.0 14995.0 62499.0272398
0.0 1573.0 137.0 639.0 2646.68950015
0.0 1361.0 258.0 1100.0 4734.21839514
0.0 834.0 3073.0 14602.0 60766.8578091
0.0 1287.0 293.0 1309.0 5434.06839339
0.0 1457.0 201.0 890.0 3812.12836076
0.0 1379.0 238.0 1109.0 4528.03983465
0.0 1603.0 128.0 540.0 2347.28713081
0.0 1807.0 22.0 91.0 430.366846729
0.0 1775.0 37.0 178.0 700.626469651
0.0 1719.0 61.0 302.0 1248.20578361
0.0 1471.0 196.0 828.0 3687.95223693
0.0 1413.0 221.0 1019.0 4236.77700494
0.0 1785.0 30.0 164.0 591.066261842
0.0 1475.0 179.0 907.0 3614.98982176
0.0 1629.0 112.0 481.0 2119.16906352
0.0 672.0 3140.0 15094.0 62498.4485909
0.0 638.0 3167.0 15115.0 62730.3908261
0.0 1559.0 150.0 605.0 2780.78307482
0.0 1711.0 68.0 289.0 1402.71657373
0.0 1795.0 25.0 149.0 522.702350378
0.0 1581.0 139.0 584.0 2537.46291422
0.0 1721.0 74.0 225.0 1244.62365751
0.0 1767.0 38.0 201.0 800.509312144
0.0 1021.0 2977.0 14106.0 58915.7393746
0.0 1389.0 242.0 1038.0 4490.62930698
0.0 1715.0 66.0 283.0 1364.52344166
0.0 1707.0 71.0 317.0 1376.39740077
0.0 1399.0 234.0 1025.0 4382.7870796
0.0 1555.0 143.0 714.0 2803.86105359
0.0 1561.0 146.0 623.0 2775.65675089
0.0 1603.0 116.0 616.0 2349.51418978
0.0 1489.0 184.0 820.0 3512.19392472
0.0 1753.0 52.0 191.0 930.015944161
0.0 1243.0 316.0 1459.0 5864.52113808
0.0 1529.0 175.0 679.0 3091.34577181
0.0 1265.0 303.0 1394.0 5657.46650449
0.0 1689.0 87.0 308.0 1543.76930544
0.0 1533.0 170.0 692.0 3029.64451754
0.0 1531.0 163.0 694.0 3107.31211109
0.0 1399.0 228.0 1064.0 4341.69963688
0.0 1753.0 63.0 137.0 899.039000809
0.0 1301.0 283.0 1291.0 5317.22047449
0.0 1837.0 7.0 30.0 123.509011174
0.0 1479.0 192.0 788.0 3622.39703166
0.0 1729.0 65.0 254.0 1167.71672687
0.0 631.0 3168.0 15100.0 62900.3222305
0.0 1799.0 28.0 87.0 455.027454481
0.0 1381.0 241.0 1111.0 4495.96667497
0.0 1519.0 178.0 676.0 3163.86011038
0.0 1639.0 111.0 449.0 1998.09831597
0.0 1823.0 9.0 81.0 252.489535692
0.0 1641.0 89.0 598.0 2033.87716274
0.0 1723.0 64.0 245.0 1218.5404301
0.0 1659.0 86.0 495.0 1861.73345124
0.0 1437.0 226.0 887.0 3976.40245771
0.0 724.0 3129.0 14848.0 61892.5410995
0.0 1369.0 253.0 1087.0 4678.38199977
0.0 1409.0 221.0 1032.0 4269.68750891
0.0 1755.0 44.0 196.0 927.106521565
0.0 1661.0 97.0 425.0 1828.57314377
0.0 1643.0 91.0 530.0 1975.51878187
0.0 1643.0 88.0 593.0 2012.14694721
0.0 1701.0 69.0 366.0 1430.90142716
0.0 1315.0 279.0 1236.0 5200.3049232
0.0 1445.0 207.0 924.0 3926.30866667
0.0 651.0 3162.0 15047.0 62679.8348511
0.0 1479.0 179.0 893.0 3596.2950691
0.0 1609.0 128.0 466.0 2313.97038766
0.0 1625.0 111.0 503.0 2194.8617535
0.0 1687.0 76.0 372.0 1553.35363079
0.0 1801.0 21.0 103.0 460.10648751
0.0 955.0 3012.0 14254.0 59552.8832036
0.0 1541.0 148.0 710.0 2984.14978422
0.0 669.0 3142.0 15079.0 62501.5785452
0.0 1687.0 73.0 378.0 1590.42135568
0.0 624.0 3169.0 15172.0 62886.3327946
0.0 1491.0 177.0 823.0 3464.22102448
0.0 1731.0 55.0 284.0 1126.0286559
0.0 1433.0 219.0 910.0 3984.4931443
0.0 637.0 3155.0 15157.0 62804.6788064
0.0 1427.0 230.0 933.0 4030.50704639
0.0 751.0 3106.0 14822.0 61615.1586073
0.0 1541.0 171.0 662.0 2960.25887732
0.0 1627.0 116.0 426.0 2205.75367905
0.0 1457.0 205.0 852.0 3780.11903857
0.0 627.0 3170.0 15164.0 62855.6225392
0.0 1565.0 154.0 670.0 2678.4661487
0.0 1239.0 316.0 1480.0 5918.51386103
0.0 1541.0 160.0 686.0 2919.8661378
0.0 1525.0 166.0 739.0 3057.438247
0.0 1545.0 163.0 620.0 2922.35498756
0.0 1479.0 187.0 848.0 3578.5977361
0.0 668.0 3146.0 15086.0 62511.3699364
0.0 890.0 3038.0 14408.0 60254.4765628
0.0 1465.0 195.0 871.0 3749.50423994
0.0 1325.0 271.0 1221.0 5101.68328477
0.0 1709.0 72.0 271.0 1340.43493516
0.0 1645.0 101.0 435.0 1951.87065695
0.0 1767.0 38.0 198.0 815.370403103
0.0 621.0 3168.0 15188.0 62910.3056679
0.0 1319.0 280.0 1247.0 5093.54112134
0.0 1451.0 222.0 843.0 3848.37859933
0.0 1453.0 207.0 868.0 3860.35442454
0.0 879.0 3044.0 14426.0 60335.6813753
0.0 972.0 2990.0 14283.0 59435.5528018
0.0 1733.0 60.0 249.0 1112.15837346
0.0 1759.0 47.0 208.0 852.695474593
0.0 1695.0 80.0 314.0 1461.85715887
0.0 1681.0 72.0 437.0 1633.22090615
0.0 1275.0 297.0 1374.0 5573.20090951
0.0 902.0 3034.0 14458.0 60119.0827846
0.0 1425.0 212.0 996.0 4074.49077825
0.0 1641.0 106.0 444.0 2021.24151465
0.0 1373.0 246.0 1124.0 4576.01733472
0.0 1279.0 295.0 1354.0 5529.20921202
0.0 1841.0 3.0 33.0 77.5226505509
0.0 1030.0 2953.0 14230.0 58817.3846081
0.0 695.0 3144.0 14915.0 62257.8192267
0.0 1825.0 13.0 53.0 231.636667137
0.0 1561.0 137.0 719.0 2773.8040679
0.0 1773.0 38.0 161.0 714.381188909
0.0 1531.0 175.0 638.0 3089.88334201
0.0 1569.0 127.0 710.0 2730.93694708
0.0 1561.0 148.0 627.0 2757.99605049
0.0 1651.0 97.0 438.0 1962.74548119
0.0 1449.0 199.0 975.0 3888.94102386
0.0 1557.0 143.0 684.0 2846.13625619
0.0 1553.0 163.0 612.0 2821.49465302
0.0 1697.0 77.0 300.0 1515.75959282
0.0 1745.0 61.0 182.0 1026.08825781
0.0 657.0 3153.0 15129.0 62593.3363023
0.0 1505.0 182.0 743.0 3330.03372282
0.0 1519.0 168.0 722.0 3161.46143404
0.0 1473.0 188.0 877.0 3639.78944899
0.0 1581.0 127.0 654.0 2632.02699116
0.0 1607.0 128.0 493.0 2347.07407298
0.0 1765.0 43.0 191.0 804.242845468
0.0 1703.0 69.0 347.0 1395.80679759
0.0 1339.0 266.0 1192.0 4946.25788611
0.0 1637.0 108.0 470.0 2075.3517393
0.0 1635.0 97.0 547.0 2066.77984283
0.0 1727.0 64.0 259.0 1162.10100678
0.0 1617.0 121.0 476.0 2228.4430593
0.0 1757.0 45.0 229.0 857.568461052
0.0 983.0 2988.0 14258.0 59356.6136075
0.0 1601.0 132.0 533.0 2404.13918236
0.0 1475.0 192.0 832.0 3608.1526056
0.0 621.0 3163.0 15234.0 62941.7858207
0.0 1819.0 21.0 45.0 294.798283913
0.0 1703.0 69.0 339.0 1399.4383192
0.0 1551.0 152.0 637.0 2874.29510172
0.0 1671.0 100.0 333.0 1710.791798
0.0 1523.0 176.0 694.0 3121.5768334
0.0 1389.0 236.0 1063.0 4466.4726375
0.0 1647.0 115.0 370.0 1912.20283163
0.0 1663.0 96.0 375.0 1801.37742464
0.0 1497.0 179.0 791.0 3415.8337572
0.0 1611.0 125.0 493.0 2272.4709308
0.0 619.0 3173.0 15182.0 62947.3499224
0.0 1495.0 184.0 811.0 3399.94532904
0.0 1647.0 112.0 373.0 1933.2041771
0.0 1373.0 244.0 1108.0 4587.52898606
0.0 1355.0 255.0 1153.0 4789.93069845
0.0 739.0 3110.0 14923.0 61767.445396
0.0 642.0 3168.0 15047.0 62753.738492
0.0 683.0 3139.0 15039.0 62433.3107804
0.0 1579.0 158.0 509.0 2515.64172261
0.0 1627.0 106.0 576.0 2133.28836435
0.0 1523.0 151.0 915.0 3154.18913273
0.0 1555.0 150.0 649.0 2832.6186249
0.0 1671.0 89.0 355.0 1758.82323378
0.0 1785.0 29.0 171.0 646.630612327
0.0 1359.0 251.0 1132.0 4783.23411854
0.0 1347.0 254.0 1219.0 4848.83399737
0.0 1599.0 133.0 506.0 2438.10673231
0.0 1467.0 203.0 835.0 3696.22023107
0.0 1653.0 113.0 371.0 1908.06807478
0.0 1443.0 207.0 955.0 3845.50446291
0.0 1441.0 209.0 942.0 3953.41311591
0.0 1417.0 211.0 1064.0 4197.6236754
0.0 1697.0 85.0 285.0 1439.36098291
0.0 1277.0 297.0 1385.0 5541.2172465
0.0 1733.0 48.0 335.0 1108.32152457
0.0 1755.0 54.0 153.0 890.748766483
0.0 824.0 3077.0 14633.0 60881.0001355
0.0 637.0 3165.0 15121.0 62798.9774101
0.0 1495.0 191.0 761.0 3382.87864239
0.0 1643.0 104.0 453.0 1971.39497099
0.0 1725.0 57.0 338.0 1213.24892381
0.0 1817.0 18.0 64.0 312.087035105
0.0 1357.0 259.0 1124.0 4772.63275288
0.0 648.0 3164.0 15068.0 62697.4441889
0.0 1581.0 134.0 589.0 2620.14971353
0.0 1767.0 32.0 249.0 776.640088088
0.0 1825.0 11.0 59.0 228.786768147
0.0 1715.0 68.0 262.0 1293.85096521
0.0 1617.0 108.0 589.0 2229.8596191
0.0 1285.0 293.0 1329.0 5477.36946654
0.0 1525.0 167.0 707.0 3151.13612324
0.0 1493.0 175.0 862.0 3390.05415935
0.0 1781.0 40.0 127.0 646.131481035
0.0 671.0 3148.0 15070.0 62438.5972657
0.0 1499.0 170.0 855.0 3398.77524338
0.0 1795.0 23.0 163.0 534.049561589
0.0 940.0 3006.0 14372.0 59849.1019512
0.0 1098.0 2928.0 14037.0 58107.9846872
0.0 1649.0 96.0 459.0 1968.11258018
0.0 1677.0 86.0 367.0 1627.99126102
0.0 1759.0 51.0 162.0 846.535912624
0.0 1779.0 33.0 176.0 672.202090147
0.0 1471.0 203.0 821.0 3583.00500194
0.0 1601.0 127.0 527.0 2442.99256283
0.0 1593.0 142.0 504.0 2496.92950105
0.0 610.0 3189.0 15132.0 63058.739961
0.0 774.0 3096.0 14766.0 61323.475244
0.0 1651.0 115.0 350.0 1844.15635861
0.0 1593.0 127.0 575.0 2493.80630833
0.0 612.0 3165.0 15283.0 63053.7922979
0.0 1731.0 59.0 254.0 1139.66473886
0.0 1581.0 131.0 629.0 2617.41860372
0.0 1277.0 298.0 1347.0 5547.38220242
0.0 735.0 3121.0 14850.0 61765.8194983
0.0 641.0 3166.0 15126.0 62724.3347962
0.0 1549.0 164.0 589.0 2896.9689725
0.0 1689.0 78.0 352.0 1578.12660112
0.0 1451.0 203.0 917.0 3845.69802398
0.0 1591.0 120.0 626.0 2528.84557544
0.0 1295.0 291.0 1288.0 5341.46354666
0.0 624.0 3165.0 15150.0 62914.2445451
0.0 1551.0 138.0 755.0 2919.06820527
0.0 1609.0 116.0 582.0 2277.99848445
0.0 659.0 3155.0 15081.0 62578.8605679
0.0 1397.0 239.0 1024.0 4378.52504821
0.0 1505.0 175.0 756.0 3307.71231927
0.0 1427.0 219.0 966.0 4044.92660304
0.0 669.0 3138.0 15101.0 62533.1681038
0.0 980.0 2994.0 14250.0 59254.1714349
0.0 1559.0 136.0 787.0 2789.57396214
0.0 617.0 3174.0 15191.0 62967.8488871
0.0 1435.0 216.0 931.0 3987.73539668
0.0 1591.0 146.0 491.0 2458.7423174
0.0 1811.0 16.0 111.0 360.796383513
0.0 1613.0 121.0 495.0 2241.34860937
0.0 1653.0 89.0 545.0 1896.8724441
0.0 1611.0 126.0 456.0 2250.8512273
0.0 1417.0 219.0 1011.0 4204.60447991
0.0 694.0 3134.0 15048.0 62236.4114526
0.0 1577.0 143.0 547.0 2623.29462751
0.0 1297.0 281.0 1326.0 5372.84117375
0.0 623.0 3165.0 15178.0 62949.8665776
0.0 1339.0 273.0 1139.0 4983.7348149
0.0 1427.0 220.0 931.0 4100.19848748
0.0 1835.0 9.0 29.0 149.87895644
0.0 757.0 3100.0 14809.0 61610.5289305
0.0 1365.0 238.0 1198.0 4748.35205384
0.0 1293.0 293.0 1275.0 5375.85481476
0.0 1283.0 294.0 1345.0 5500.85816047
0.0 632.0 3158.0 15178.0 62835.7676137
0.0 1653.0 109.0 380.0 1893.96302813
0.0 1245.0 313.0 1461.0 5862.29607674
0.0 1521.0 185.0 656.0 3189.92111579
0.0 1381.0 240.0 1093.0 4547.59340097
0.0 1383.0 243.0 1063.0 4541.44647797
0.0 1683.0 85.0 338.0 1583.86846596
0.0 1567.0 153.0 536.0 2707.74729281
0.0 1445.0 216.0 875.0 3935.07702951
0.0 678.0 3145.0 15036.0 62338.2172373
0.0 1515.0 167.0 769.0 3232.93280817
0.0 1591.0 126.0 605.0 2526.93880662
0.0 1725.0 68.0 215.0 1202.23041959
0.0 1425.0 219.0 950.0 4073.84770949
0.0 1317.0 277.0 1246.0 5153.73178885
0.0 659.0 3149.0 15107.0 62538.1625247
0.0 1251.0 310.0 1446.0 5802.02517965
0.0 1509.0 171.0 782.0 3231.09010076
0.0 1507.0 160.0 846.0 3284.30375858
0.0 1481.0 196.0 798.0 3560.58135984
0.0 1329.0 275.0 1189.0 5024.86525081
0.0 1479.0 195.0 821.0 3557.96416768
0.0 1755.0 41.0 267.0 903.515189789
0.0 1367.0 249.0 1120.0 4688.84145431
0.0 1573.0 155.0 543.0 2630.03994997
0.0 1713.0 61.0 380.0 1298.70496284
0.0 630.0 3167.0 15111.0 62855.5118431
0.0 1805.0 21.0 114.0 414.222252004
0.0 1621.0 116.0 518.0 2156.19619693
0.0 1587.0 149.0 503.0 2514.93732161
0.0 1749.0 51.0 220.0 950.022054008
0.0 1597.0 128.0 536.0 2443.23973516
0.0 1511.0 170.0 746.0 3301.51368837
0.0 744.0 3126.0 14770.0 61616.8140335
0.0 1669.0 100.0 340.0 1728.99108532
0.0 1579.0 134.0 610.0 2600.58963254
0.0 1421.0 221.0 956.0 4153.3698644
0.0 1325.0 276.0 1198.0 5095.08267062
0.0 1543.0 169.0 626.0 2890.71382463
0.0 598.0 3176.0 15309.0 63169.9272512
0.0 1507.0 176.0 751.0 3288.94306954
0.0 674.0 3148.0 15064.0 62430.4995794
0.0 1191.0 2890.0 13725.0 57212.8513037
0.0 1629.0 111.0 482.0 2131.53201721
0.0 1451.0 200.0 937.0 3860.75731998
0.0 1655.0 97.0 424.0 1838.79566949
0.0 1815.0 13.0 120.0 337.429241116
0.0 1483.0 196.0 755.0 3524.40524513
0.0 1829.0 8.0 59.0 192.947100055
0.0 1291.0 292.0 1300.0 5434.29769128
0.0 991.0 2988.0 14214.0 59212.9014646
0.0 1805.0 21.0 103.0 434.34562215
0.0 1349.0 258.0 1163.0 4854.40728635
0.0 1541.0 140.0 809.0 3020.99421156
0.0 1577.0 124.0 677.0 2654.13275341
0.0 1407.0 223.0 1037.0 4256.00798663
0.0 1505.0 172.0 760.0 3347.05702493
0.0 1755.0 58.0 138.0 863.927584074
0.0 1425.0 217.0 940.0 4118.59371087
0.0 619.0 3174.0 15162.0 62941.6766815
0.0 611.0 3188.0 15132.0 63049.8383703
0.0 1269.0 300.0 1389.0 5616.01672304
0.0 1601.0 116.0 642.0 2434.41956889
0.0 1033.0 2968.0 14118.0 58829.5315333
0.0 1639.0 104.0 479.0 2033.53578872
0.0 1491.0 188.0 810.0 3483.59901449
0.0 1455.0 197.0 942.0 3826.16676616
0.0 1703.0 79.0 272.0 1396.55727801
0.0 1501.0 177.0 769.0 3359.60974992
0.0 1605.0 140.0 439.0 2343.86520037
0.0 1633.0 104.0 481.0 2115.7543079
0.0 1261.0 307.0 1393.0 5726.14869991
0.0 1691.0 83.0 330.0 1534.35106159
0.0 1677.0 90.0 341.0 1646.85334645
0.0 1343.0 260.0 1190.0 4887.47691182
0.0 1295.0 289.0 1295.0 5366.42317332
0.0 1543.0 147.0 698.0 2976.1061895
0.0 1727.0 54.0 304.0 1204.32898471
0.0 1593.0 135.0 528.0 2453.33981578
0.0 1709.0 79.0 296.0 1293.47593736
0.0 716.0 3120.0 14912.0 62079.3712663
0.0 1475.0 200.0 823.0 3591.9859338
0.0 1513.0 173.0 739.0 3265.21748409
0.0 1645.0 109.0 431.0 1971.60794062
0.0 1517.0 184.0 680.0 3122.86966271
0.0 1605.0 116.0 583.0 2389.71633152
0.0 1547.0 156.0 665.0 2862.0180682
0.0 1771.0 35.0 173.0 769.700004518
0.0 1389.0 244.0 1041.0 4464.06880064
0.0 1655.0 102.0 402.0 1863.9373226
0.0 1629.0 123.0 436.0 2110.73654683
0.0 1811.0 19.0 99.0 375.181651302
0.0 1779.0 32.0 166.0 696.894738509
0.0 1303.0 280.0 1310.0 5287.71579999
0.0 1629.0 121.0 420.0 2126.66881912
0.0 1495.0 187.0 725.0 3431.78306801
0.0 1335.0 267.0 1205.0 4984.7431432
0.0 1581.0 137.0 569.0 2571.45886315
0.0 615.0 3173.0 15195.0 62995.9317393
0.0 1325.0 268.0 1251.0 5084.97240969
0.0 718.0 3130.0 14951.0 61979.3883783
0.0 1723.0 61.0 284.0 1213.65870936
0.0 1775.0 34.0 216.0 691.601024018
0.0 1799.0 23.0 120.0 494.339992348
0.0 1503.0 163.0 910.0 3344.39239497
0.0 1377.0 249.0 1077.0 4553.13656528
0.0 1551.0 146.0 697.0 2892.01123113
0.0 1613.0 129.0 469.0 2243.49247122
0.0 1525.0 174.0 687.0 3124.55978419
0.0 1587.0 122.0 682.0 2513.27672741
0.0 1765.0 48.0 149.0 823.30659212
0.0 1451.0 211.0 854.0 3841.34043114
0.0 1659.0 95.0 419.0 1852.15618723
0.0 1443.0 203.0 938.0 3908.58234586
0.0 1323.0 270.0 1252.0 5083.52447738
0.0 1397.0 238.0 1029.0 4381.97864813
0.0 1597.0 117.0 654.0 2446.38899211
0.0 1613.0 119.0 508.0 2253.51929214
0.0 1729.0 63.0 237.0 1185.05054468
0.0 1485.0 194.0 787.0 3519.95643066
0.0 1439.0 212.0 915.0 3999.46187801
0.0 625.0 3176.0 15128.0 62915.0274333
0.0 624.0 3177.0 15115.0 62951.4535188
0.0 1731.0 63.0 215.0 1111.10539302
0.0 1683.0 93.0 314.0 1625.63745328
0.0 1571.0 137.0 662.0 2638.70499431
0.0 1749.0 50.0 197.0 989.2757155
0.0 1383.0 231.0 1124.0 4485.08656073
0.0 1503.0 159.0 867.0 3365.26656575
0.0 1725.0 65.0 235.0 1186.60653722
0.0 1581.0 123.0 702.0 2532.44016679
0.0 1297.0 290.0 1275.0 5370.51541748
0.0 1275.0 298.0 1387.0 5566.52382085
0.0 1659.0 89.0 446.0 1880.09624345
0.0 1335.0 266.0 1206.0 4993.67302483
0.0 1295.0 289.0 1308.0 5358.4392777
0.0 1251.0 312.0 1433.0 5794.33280004
0.0 1781.0 31.0 164.0 666.823505501
0.0 631.0 3163.0 15123.0 62840.257712
0.0 1769.0 37.0 211.0 746.469899595
0.0 1607.0 124.0 539.0 2325.74254306
0.0 923.0 3005.0 14466.0 59922.592108
0.0 1401.0 224.0 1053.0 4314.83588408
0.0 1633.0 95.0 581.0 2132.44525447
0.0 1743.0 47.0 277.0 1003.36646758
0.0 1441.0 216.0 893.0 3953.24647427
0.0 1831.0 8.0 46.0 172.523894188
0.0 1573.0 141.0 626.0 2575.30672957
0.0 1397.0 236.0 1050.0 4382.02333597
0.0 1641.0 120.0 363.0 2005.69078774
0.0 1385.0 237.0 1053.0 4497.21576803
0.0 1703.0 82.0 266.0 1376.75756754
0.0 1423.0 215.0 997.0 4147.94806103
0.0 1813.0 23.0 58.0 349.945525721
0.0 675.0 3143.0 15006.0 62448.8228296
0.0 1319.0 276.0 1234.0 5156.95785334
0.0 1567.0 131.0 717.0 2689.46736921
0.0 1803.0 29.0 73.0 475.191749415
0.0 1805.0 27.0 95.0 402.611355986
0.0 1727.0 66.0 246.0 1152.37831674
0.0 1819.0 12.0 89.0 288.316894392
0.0 1449.0 201.0 943.0 3888.41735951
0.0 1503.0 171.0 796.0 3378.89766767
0.0 1575.0 159.0 525.0 2596.42585404
0.0 1507.0 182.0 702.0 3297.02193335
0.0 1823.0 11.0 74.0 260.461739789
0.0 1341.0 270.0 1161.0 4893.63064223
0.0 631.0 3158.0 15185.0 62809.8353263
0.0 1431.0 210.0 967.0 4082.61729568
0.0 1825.0 14.0 51.0 245.436884964
0.0 667.0 3150.0 15075.0 62467.4958813
0.0 1755.0 50.0 178.0 892.297135838
0.0 1289.0 286.0 1342.0 5463.81511168
0.0 1741.0 49.0 261.0 1031.78465577
0.0 1303.0 287.0 1270.0 5271.44933975
0.0 634.0 3166.0 15133.0 62794.6990242
0.0 1799.0 27.0 122.0 460.695608446
0.0 1831.0 11.0 39.0 183.203194109
0.0 1657.0 96.0 402.0 1848.73441409
0.0 641.0 3155.0 15181.0 62759.4073014
0.0 1361.0 250.0 1118.0 4733.22675979
0.0 1343.0 266.0 1158.0 4897.83231833
0.0 1725.0 59.0 274.0 1213.95895655
0.0 1781.0 33.0 180.0 617.451669314
0.0 1515.0 164.0 785.0 3221.59364312
0.0 1819.0 14.0 79.0 298.625510602
0.0 1651.0 103.0 417.0 1905.09787512
0.0 1327.0 263.0 1247.0 5084.97920536
0.0 1285.0 288.0 1360.0 5457.50316908
0.0 1407.0 247.0 962.0 4261.64926891
0.0 634.0 3178.0 15080.0 62790.2644582
0.0 1775.0 37.0 152.0 710.922401703
0.0 1609.0 116.0 564.0 2283.27159544
0.0 1679.0 81.0 400.0 1636.59830078
0.0 1801.0 26.0 126.0 457.224333885
0.0 1603.0 122.0 543.0 2375.19191673
0.0 1651.0 112.0 393.0 1873.33557529
0.0 1391.0 235.0 1031.0 4446.08441448
0.0 1659.0 94.0 441.0 1784.25661246
0.0 1249.0 313.0 1432.0 5822.54436741
0.0 1749.0 56.0 198.0 972.73189464
0.0 1529.0 157.0 749.0 3127.97959795
0.0 1405.0 225.0 1032.0 4305.79012715
0.0 1301.0 288.0 1265.0 5323.78985123
0.0 1581.0 139.0 564.0 2628.64664721
0.0 1257.0 305.0 1432.0 5736.83401863
0.0 1741.0 56.0 226.0 1029.05594386
0.0 1387.0 243.0 1075.0 4420.79961015
0.0 1651.0 104.0 410.0 1851.39601189
0.0 1739.0 50.0 265.0 1077.75137694
0.0 1695.0 82.0 311.0 1505.69713292
0.0 1785.0 32.0 149.0 634.747726512
0.0 1707.0 86.0 247.0 1350.12126127
0.0 1795.0 25.0 127.0 538.194375902
0.0 1445.0 205.0 911.0 3930.62271696
0.0 1663.0 94.0 424.0 1747.24372571
0.0 1369.0 242.0 1149.0 4670.72989566
0.0 1791.0 29.0 127.0 578.080150201
0.0 1307.0 285.0 1254.0 5261.61717108
0.0 1405.0 235.0 977.0 4259.06134252
0.0 1675.0 77.0 477.0 1659.1283148
0.0 1543.0 150.0 734.0 2927.33473347
0.0 1679.0 85.0 359.0 1642.24261181
0.0 1269.0 301.0 1388.0 5615.08660454
0.0 1477.0 182.0 904.0 3599.1370991
0.0 1657.0 94.0 428.0 1850.08669891
0.0 1713.0 67.0 305.0 1337.32321057
0.0 642.0 3162.0 15096.0 62755.9349246
0.0 620.0 3175.0 15147.0 62997.1331937
0.0 1363.0 255.0 1121.0 4659.8691209
0.0 1333.0 263.0 1230.0 4996.12944922
0.0 1587.0 126.0 637.0 2534.67275242
0.0 1695.0 76.0 336.0 1471.99277376
0.0 620.0 3170.0 15164.0 62997.728824
0.0 1521.0 182.0 685.0 3141.07320263
0.0 756.0 3105.0 14873.0 61604.6649331
0.0 1325.0 274.0 1221.0 5079.280347
0.0 1763.0 39.0 190.0 855.413912822
0.0 1333.0 267.0 1175.0 5005.24699566
0.0 1779.0 30.0 175.0 733.807596324
0.0 1385.0 243.0 1045.0 4493.81906301
0.0 1427.0 223.0 922.0 4036.78393479
0.0 1815.0 16.0 75.0 339.660548843
0.0 1323.0 261.0 1318.0 5086.70777566
0.0 1299.0 282.0 1351.0 5325.5490447
0.0 1667.0 92.0 394.0 1790.20896973
0.0 1381.0 239.0 1097.0 4536.68116628
0.0 1393.0 233.0 1034.0 4423.27737935
0.0 1581.0 133.0 600.0 2631.13179597
0.0 1727.0 67.0 230.0 1155.62976277
0.0 1425.0 216.0 973.0 4096.04746874
0.0 1761.0 39.0 223.0 871.611332312
0.0 1717.0 59.0 370.0 1251.97939659
0.0 1257.0 312.0 1398.0 5736.1523716
0.0 611.0 3166.0 15256.0 63067.9761478
0.0 1437.0 210.0 961.0 3968.61154795
0.0 935.0 3011.0 14312.0 59722.3785522
0.0 642.0 3155.0 15152.0 62809.1758114
0.0 1593.0 135.0 517.0 2483.81607185
0.0 1305.0 281.0 1300.0 5253.10458478
0.0 658.0 3162.0 14997.0 62590.1909876
0.0 1783.0 33.0 135.0 651.230288765
0.0 1633.0 105.0 492.0 2099.65686028
0.0 1679.0 71.0 460.0 1685.04485153
0.0 1419.0 223.0 986.0 4179.51955142
0.0 1327.0 274.0 1204.0 5051.27103329
0.0 1677.0 85.0 374.0 1673.8577797
0.0 1355.0 256.0 1122.0 4796.58186609
0.0 1821.0 17.0 70.0 251.995909262
0.0 1551.0 141.0 771.0 2846.49895087
0.0 1539.0 169.0 654.0 2992.48194767
0.0 652.0 3155.0 15099.0 62612.596555
0.0 1659.0 89.0 450.0 1837.67420401
0.0 1283.0 290.0 1389.0 5494.48054896
0.0 1739.0 49.0 292.0 1083.20605927
0.0 1415.0 213.0 1043.0 4216.80805047
0.0 1667.0 88.0 410.0 1741.16456861
0.0 1731.0 59.0 270.0 1121.08888965
0.0 612.0 3172.0 15215.0 63071.6633206
0.0 1775.0 32.0 202.0 722.11889432
0.0 698.0 3127.0 15029.0 62188.5686836
0.0 1785.0 35.0 135.0 620.210972513
0.0 1485.0 183.0 836.0 3534.52418225
0.0 1779.0 34.0 147.0 724.358557559
0.0 1671.0 86.0 398.0 1751.89679665
0.0 1815.0 19.0 68.0 329.927891277
0.0 1527.0 160.0 730.0 3105.65005339
0.0 822.0 3071.0 14628.0 60928.9520055
0.0 1409.0 224.0 1030.0 4283.1501625
0.0 1377.0 239.0 1113.0 4573.20299709
0.0 1539.0 143.0 872.0 3013.61079895
0.0 1451.0 205.0 886.0 3820.99084089
0.0 1613.0 131.0 429.0 2261.75287286
0.0 1563.0 143.0 644.0 2740.74339386
0.0 1625.0 113.0 456.0 2189.27620863
0.0 1825.0 9.0 74.0 241.019212692
0.0 614.0 3177.0 15199.0 62984.4979209
0.0 1333.0 265.0 1241.0 4973.74442715
0.0 1633.0 107.0 499.0 2043.07418968
0.0 1695.0 75.0 354.0 1458.03290768
0.0 1247.0 312.0 1457.0 5839.2692161
0.0 1473.0 201.0 778.0 3637.57601462
0.0 1727.0 63.0 263.0 1172.46492709
0.0 1619.0 110.0 518.0 2231.39025387
0.0 1627.0 121.0 421.0 2149.14339895
0.0 1411.0 221.0 1060.0 4221.89134588
0.0 1421.0 216.0 1007.0 4158.70557103
0.0 1783.0 33.0 145.0 631.980254578
0.0 1589.0 130.0 589.0 2547.78275853
0.0 1515.0 166.0 766.0 3240.50922594
0.0 1705.0 72.0 291.0 1421.46881976
0.0 1773.0 33.0 200.0 739.580679559
0.0 1703.0 75.0 304.0 1409.61967838
0.0 1601.0 129.0 519.0 2420.03321882
0.0 1733.0 50.0 292.0 1143.94786379
0.0 1407.0 226.0 1023.0 4300.23772602
0.0 1629.0 107.0 485.0 2136.72497278
0.0 1747.0 59.0 192.0 1048.79148377
0.0 1463.0 215.0 818.0 3766.31137343
0.0 1823.0 16.0 57.0 239.970865998
0.0 686.0 3133.0 15005.0 62334.6162067
0.0 1815.0 15.0 99.0 329.915004124
0.0 1241.0 316.0 1467.0 5894.3463525
0.0 1661.0 89.0 431.0 1839.52231247
0.0 1745.0 46.0 271.0 1014.11641206
0.0 1575.0 142.0 593.0 2623.14436086
0.0 1537.0 153.0 727.0 3028.51590826
0.0 713.0 3123.0 14988.0 62024.3290491
0.0 1353.0 261.0 1122.0 4825.56371948
0.0 1725.0 64.0 243.0 1203.47573897
0.0 1617.0 118.0 520.0 2268.67900168
0.0 1517.0 177.0 721.0 3212.22316643
0.0 1449.0 212.0 898.0 3851.42189668
0.0 1737.0 51.0 284.0 1080.38799247
0.0 1523.0 167.0 725.0 3160.98176537
0.0 1715.0 61.0 347.0 1299.60281903
0.0 1329.0 267.0 1219.0 5043.35195382
0.0 1385.0 235.0 1094.0 4514.41674162
0.0 1413.0 222.0 983.0 4244.14248732
0.0 1803.0 21.0 130.0 457.47372594
0.0 1245.0 313.0 1453.0 5869.19230921
0.0 1713.0 66.0 337.0 1301.77113244
0.0 1527.0 156.0 816.0 3113.61501072
0.0 660.0 3158.0 15028.0 62601.7594534
0.0 1785.0 25.0 188.0 629.157071371
0.0 1759.0 47.0 185.0 898.484948496
0.0 1755.0 47.0 230.0 879.96661728
0.0 1531.0 167.0 645.0 3061.15501742
0.0 1497.0 177.0 791.0 3419.77396371
0.0 1371.0 246.0 1113.0 4649.48481922
0.0 1775.0 36.0 158.0 715.208975204
0.0 1585.0 135.0 577.0 2514.50222755
0.0 1635.0 103.0 509.0 2066.38257979
0.0 1004.0 2969.0 14281.0 59194.4360839
0.0 665.0 3146.0 15023.0 62555.8979708
0.0 1619.0 121.0 474.0 2224.95358755
0.0 1603.0 112.0 640.0 2389.98710518
0.0 1477.0 196.0 831.0 3577.52636315
0.0 1651.0 99.0 421.0 1926.51463925
0.0 1595.0 120.0 617.0 2435.97020637
0.0 1815.0 19.0 81.0 311.560196762
0.0 1525.0 151.0 877.0 3122.47616285
0.0 1455.0 205.0 862.0 3864.3273743
0.0 1691.0 78.0 379.0 1546.04246641
0.0 1723.0 64.0 286.0 1162.35017568
0.0 1615.0 115.0 531.0 2278.86459375
0.0 660.0 3156.0 15045.0 62573.9224367
0.0 1681.0 81.0 388.0 1640.70554113
0.0 1777.0 34.0 161.0 716.083802713
0.0 1729.0 55.0 276.0 1190.91821375
0.0 1681.0 79.0 389.0 1626.31026
0.0 1537.0 152.0 750.0 3022.64898831
0.0 1255.0 309.0 1431.0 5762.58290202
0.0 1437.0 202.0 1006.0 4014.58005207
0.0 1753.0 49.0 177.0 941.188581618
0.0 1441.0 210.0 911.0 3925.75964636
0.0 1523.0 172.0 678.0 3177.7350276
0.0 1357.0 249.0 1185.0 4728.42060883
0.0 1387.0 241.0 1065.0 4465.20262552
0.0 682.0 3145.0 14956.0 62342.2770191
0.0 1407.0 227.0 987.0 4290.98037744
0.0 1619.0 119.0 482.0 2197.82864942
0.0 1321.0 272.0 1242.0 5139.10863805
0.0 1783.0 29.0 164.0 647.380978404
0.0 1567.0 144.0 604.0 2749.93410344
0.0 1705.0 63.0 354.0 1408.25398321
0.0 1375.0 251.0 1078.0 4566.76415287
0.0 685.0 3138.0 14991.0 62245.4712241
0.0 1647.0 105.0 411.0 1976.30512097
0.0 1241.0 314.0 1480.0 5888.81682901
0.0 1299.0 287.0 1274.0 5336.93754342
0.0 1311.0 280.0 1252.0 5228.02789127
0.0 1553.0 140.0 732.0 2867.21057303
0.0 1809.0 23.0 67.0 378.493704331
0.0 1603.0 122.0 561.0 2370.83842406
0.0 1271.0 299.0 1386.0 5603.53133971
0.0 1641.0 103.0 456.0 2037.66479975
0.0 1371.0 250.0 1077.0 4613.47631018
0.0 1457.0 197.0 921.0 3802.80152997
0.0 1589.0 131.0 584.0 2546.23931475
0.0 1635.0 119.0 390.0 2062.78772898
0.0 1643.0 116.0 399.0 1989.26485829
0.0 687.0 3134.0 15061.0 62327.5266128
0.0 1605.0 117.0 595.0 2370.90112957
0.0 1501.0 160.0 934.0 3433.13183573
0.0 1533.0 151.0 802.0 3067.76120736
0.0 1647.0 95.0 464.0 1971.41563771
0.0 1357.0 256.0 1129.0 4732.32370011
0.0 1401.0 229.0 1009.0 4342.111731
0.0 1423.0 216.0 970.0 4120.96854714
0.0 1545.0 159.0 621.0 2940.16810804
0.0 1457.0 198.0 914.0 3730.51256721
0.0 1751.0 49.0 208.0 942.526484054
0.0 1245.0 314.0 1457.0 5858.57140673
0.0 1365.0 258.0 1095.0 4716.98241594
0.0 1517.0 180.0 697.0 3160.54705571
0.0 1515.0 171.0 755.0 3193.20938709
0.0 851.0 3061.0 14606.0 60632.505328
0.0 1589.0 151.0 485.0 2492.14790994
0.0 1677.0 76.0 474.0 1638.94415979
0.0 1537.0 166.0 667.0 3003.38288895
0.0 1603.0 110.0 649.0 2380.55041276
0.0 627.0 3161.0 15217.0 62907.1952645
0.0 1797.0 25.0 104.0 486.877713555
0.0 1467.0 209.0 810.0 3689.54383106
0.0 1811.0 20.0 86.0 361.94058012
0.0 1631.0 111.0 489.0 2106.79767212
0.0 1055.0 2954.0 14058.0 58611.1489284
0.0 1633.0 101.0 608.0 2072.4030054
0.0 1289.0 291.0 1323.0 5437.41392054
0.0 1733.0 56.0 231.0 1121.63399386
0.0 944.0 3021.0 14240.0 59615.923536
0.0 1581.0 142.0 567.0 2584.14707166
0.0 1355.0 260.0 1130.0 4789.75636886
0.0 1585.0 129.0 589.0 2578.18108791
0.0 1793.0 35.0 101.0 544.876197229
0.0 1323.0 273.0 1247.0 5104.33333986
0.0 1701.0 77.0 282.0 1445.55206442
0.0 1747.0 45.0 274.0 992.919666113
0.0 1723.0 55.0 313.0 1234.00262763
0.0 1389.0 237.0 1059.0 4465.39965726
0.0 1615.0 111.0 558.0 2283.0696602
0.0 1787.0 29.0 155.0 605.374435287
0.0 650.0 3161.0 15070.0 62605.6419138
0.0 610.0 3173.0 15227.0 63093.5044413
0.0 1293.0 291.0 1299.0 5395.92393155
0.0 1327.0 267.0 1264.0 5014.12643205
0.0 1497.0 183.0 790.0 3392.60096249
0.0 664.0 3154.0 15066.0 62523.2282577
0.0 1593.0 127.0 581.0 2457.97445858
0.0 1629.0 109.0 496.0 2120.64274691
0.0 1661.0 102.0 357.0 1827.35077668
0.0 1477.0 187.0 881.0 3595.46594215
0.0 1609.0 116.0 545.0 2332.97021238
0.0 1291.0 293.0 1285.0 5398.72845487
0.0 1387.0 228.0 1145.0 4414.83452633
0.0 1765.0 38.0 208.0 824.26987541
0.0 1827.0 13.0 51.0 223.378118336
0.0 1405.0 227.0 1016.0 4272.12225904
0.0 1477.0 188.0 836.0 3635.78063302
0.0 1393.0 239.0 1014.0 4414.25118614
0.0 1663.0 88.0 473.0 1780.94190572
0.0 1803.0 23.0 107.0 442.388400771
0.0 1661.0 93.0 426.0 1814.4867428
0.0 610.0 3179.0 15231.0 63078.9720224
0.0 1449.0 201.0 929.0 3904.77064651
0.0 1497.0 194.0 773.0 3368.1800219
0.0 1653.0 104.0 399.0 1920.86495717
0.0 1697.0 82.0 294.0 1495.2795763
0.0 1299.0 281.0 1319.0 5334.67711231
0.0 1735.0 55.0 251.0 1143.7126709
0.0 1805.0 23.0 103.0 430.981787909
0.0 1477.0 201.0 795.0 3537.07202379
0.0 1543.0 163.0 639.0 2961.11795307
0.0 1329.0 270.0 1215.0 5052.28867095
0.0 1613.0 131.0 458.0 2241.87796959
0.0 1579.0 133.0 641.0 2584.40233337
0.0 1603.0 124.0 529.0 2381.74630369
0.0 621.0 3166.0 15165.0 62946.0355754
0.0 1841.0 4.0 26.0 74.8714565643
0.0 614.0 3160.0 15274.0 63070.0888997
0.0 1249.0 312.0 1440.0 5813.71537428
0.0 1271.0 302.0 1375.0 5640.21150592
0.0 1603.0 120.0 524.0 2393.75518682
0.0 1627.0 109.0 493.0 2186.72525341
0.0 1477.0 198.0 768.0 3597.53558144
0.0 1675.0 101.0 342.0 1625.70361039
0.0 1439.0 214.0 918.0 3942.96258803
0.0 1539.0 171.0 737.0 2967.66322941
0.0 1823.0 13.0 93.0 244.08248093
0.0 1471.0 200.0 807.0 3662.14483337
0.0 1821.0 17.0 55.0 276.218733817
0.0 1767.0 45.0 166.0 803.236313115
0.0 1655.0 95.0 453.0 1853.75467129
0.0 1667.0 97.0 361.0 1732.50256249
0.0 954.0 3020.0 14267.0 59546.47416
0.0 766.0 3106.0 14775.0 61457.1203521
0.0 722.0 3113.0 14945.0 61981.9418852
0.0 1421.0 218.0 1007.0 4143.10411259
0.0 1585.0 132.0 593.0 2555.5473922
0.0 1533.0 156.0 743.0 3062.42534528
0.0 1703.0 84.0 254.0 1436.13681978
0.0 1673.0 85.0 390.0 1685.41001041
0.0 1739.0 50.0 275.0 1065.68165014
0.0 1773.0 40.0 160.0 678.587965337
0.0 1573.0 141.0 618.0 2656.87657377
0.0 1529.0 150.0 878.0 3122.55317706
0.0 1715.0 77.0 270.0 1254.25131323
0.0 1545.0 156.0 675.0 2913.60103332
0.0 1839.0 6.0 27.0 100.302114245
0.0 627.0 3162.0 15174.0 62911.2494861
0.0 1573.0 138.0 618.0 2678.3661394
0.0 1439.0 217.0 899.0 3985.1348747
0.0 1293.0 291.0 1297.0 5411.72590757
0.0 1603.0 124.0 518.0 2392.09082224
0.0 1621.0 119.0 479.0 2236.19449252
0.0 1779.0 38.0 143.0 702.263387467
0.0 1705.0 76.0 300.0 1369.33791622
0.0 1557.0 136.0 772.0 2810.45627037
0.0 1629.0 103.0 542.0 2107.15053219
0.0 1103.0 2933.0 13948.0 58023.7190338
0.0 1721.0 56.0 313.0 1241.85621661
0.0 1377.0 243.0 1104.0 4573.50173287
0.0 1689.0 78.0 372.0 1549.10859895
0.0 1657.0 97.0 432.0 1814.85261498
0.0 1635.0 122.0 381.0 2043.73640567
0.0 1357.0 244.0 1225.0 4802.88795417
0.0 630.0 3164.0 15136.0 62861.2305816
0.0 1559.0 152.0 602.0 2797.90691211
0.0 1415.0 226.0 978.0 4146.51898062
0.0 1425.0 228.0 936.0 4092.56501487
0.0 1439.0 207.0 952.0 3980.05750477
0.0 1363.0 255.0 1108.0 4699.40788094
0.0 1307.0 287.0 1230.0 5276.85816804
0.0 1793.0 28.0 114.0 554.347872851
0.0 1651.0 97.0 440.0 1911.87621253
0.0 1299.0 289.0 1271.0 5351.2607454
0.0 1729.0 52.0 322.0 1201.78623394
0.0 1603.0 142.0 476.0 2346.58100716
0.0 1619.0 109.0 569.0 2182.51341725
0.0 654.0 3166.0 15053.0 62528.8882018
0.0 1651.0 85.0 524.0 1938.69886019
0.0 1723.0 62.0 269.0 1232.91203297
0.0 1529.0 181.0 655.0 3090.41263473
0.0 1527.0 158.0 760.0 3107.46758563
0.0 1483.0 184.0 868.0 3605.4034102
0.0 620.0 3162.0 15264.0 62967.1870261
0.0 1355.0 262.0 1104.0 4774.89543571
0.0 1587.0 136.0 554.0 2571.14038129
0.0 633.0 3159.0 15125.0 62806.7077316
0.0 1303.0 284.0 1264.0 5296.89711023
0.0 875.0 3044.0 14503.0 60358.9991484
0.0 615.0 3164.0 15276.0 63066.5863304
0.0 1309.0 282.0 1245.0 5239.92298155
0.0 1679.0 82.0 387.0 1673.66919541
0.0 1307.0 283.0 1269.0 5247.91277511
0.0 1693.0 69.0 422.0 1526.72104929
0.0 1639.0 100.0 463.0 2048.68667004
0.0 1809.0 18.0 98.0 400.498387266
0.0 1791.0 32.0 115.0 559.072306801
0.0 1369.0 248.0 1093.0 4662.16143082
0.0 619.0 3168.0 15165.0 62972.801795
0.0 1743.0 54.0 228.0 1008.07179438
0.0 1607.0 139.0 462.0 2347.79390965
0.0 636.0 3168.0 15068.0 62794.6794676
0.0 1579.0 125.0 730.0 2623.13720563
0.0 1573.0 132.0 673.0 2670.99203853
0.0 1813.0 15.0 112.0 364.911935682
0.0 1755.0 49.0 212.0 907.836143142
0.0 1753.0 50.0 194.0 937.631198167
0.0 1509.0 185.0 680.0 3289.00175982
0.0 1727.0 55.0 287.0 1189.04410911
0.0 1395.0 245.0 1011.0 4388.56556727
0.0 1575.0 130.0 697.0 2622.01572143
0.0 1587.0 120.0 632.0 2554.63069858
0.0 675.0 3141.0 15137.0 62452.6496613
0.0 1815.0 23.0 58.0 339.571092559
0.0 1313.0 281.0 1236.0 5214.25313547
0.0 1741.0 54.0 240.0 1087.70742925
0.0 1685.0 73.0 429.0 1575.27992673
0.0 1407.0 223.0 1032.0 4267.48360151
0.0 1835.0 6.0 44.0 150.669417759
0.0 1045.0 2962.0 14102.0 58696.9577018
0.0 1649.0 107.0 402.0 1907.18764029
0.0 1249.0 312.0 1441.0 5812.60265194
0.0 1421.0 226.0 980.0 4093.66449029
0.0 1325.0 272.0 1221.0 5086.73433062
0.0 1803.0 25.0 84.0 423.535944678
0.0 1511.0 170.0 750.0 3253.21334378
0.0 1567.0 131.0 697.0 2725.60001699
0.0 874.0 3044.0 14507.0 60365.9875666
0.0 1787.0 32.0 127.0 560.54815286
0.0 1799.0 19.0 159.0 483.407456962
0.0 1825.0 16.0 57.0 231.063869674
0.0 1495.0 178.0 830.0 3407.04482178
0.0 1695.0 73.0 391.0 1486.68028224
0.0 1777.0 35.0 152.0 691.624689186
0.0 1561.0 132.0 802.0 2772.77067389
0.0 1761.0 42.0 198.0 893.525451585
0.0 1619.0 126.0 454.0 2217.93626026
0.0 893.0 3042.0 14501.0 60244.6370201
0.0 1357.0 246.0 1193.0 4782.96480064
0.0 1381.0 244.0 1064.0 4534.00819485
0.0 1547.0 174.0 582.0 2827.24250692
0.0 1241.0 317.0 1461.0 5898.9300293
0.0 1377.0 245.0 1085.0 4594.00252369
0.0 629.0 3164.0 15146.0 62923.5991685
0.0 1447.0 205.0 924.0 3895.41368711
0.0 1753.0 46.0 228.0 931.785152468
0.0 1557.0 161.0 585.0 2803.74362881
0.0 1507.0 186.0 707.0 3250.37424523
0.0 1042.0 2961.0 14078.0 58710.0076394
0.0 1493.0 177.0 821.0 3426.07192135
0.0 1247.0 314.0 1437.0 5829.84760339
0.0 1719.0 64.0 297.0 1265.01360635
0.0 1313.0 278.0 1289.0 5177.7273582
0.0 1761.0 46.0 185.0 849.342387779
0.0 1597.0 130.0 542.0 2371.19674582
0.0 1691.0 79.0 339.0 1528.21248213
0.0 1531.0 185.0 617.0 3089.36045266
0.0 1537.0 153.0 753.0 3002.61609761
0.0 660.0 3154.0 15073.0 62544.4072812
0.0 1143.0 2905.0 13859.0 57653.9008751
0.0 1505.0 188.0 745.0 3329.57595051
0.0 610.0 3174.0 15217.0 63087.9733865
0.0 1833.0 7.0 43.0 148.501696034
0.0 1725.0 53.0 363.0 1234.4172859
0.0 1423.0 221.0 935.0 4175.92815861
0.0 761.0 3093.0 14830.0 61509.2072751
0.0 1613.0 120.0 533.0 2229.27352685
0.0 655.0 3157.0 15061.0 62628.6744824
0.0 1056.0 2946.0 14115.0 58602.5551095
0.0 711.0 3120.0 15009.0 62039.799864
0.0 668.0 3160.0 15026.0 62488.1941458
0.0 1339.0 267.0 1175.0 4948.46580566
0.0 1557.0 150.0 648.0 2819.24648497
0.0 1533.0 163.0 710.0 3013.33865074
0.0 1631.0 108.0 470.0 2127.61855733
0.0 1761.0 33.0 276.0 895.346433806
0.0 1535.0 162.0 757.0 3031.59598944
0.0 1189.0 2892.0 13725.0 57233.2562066
0.0 1319.0 282.0 1209.0 5133.92495273
0.0 1575.0 140.0 608.0 2624.39214523
0.0 1631.0 102.0 585.0 2133.21116168
0.0 689.0 3148.0 14958.0 62278.1417939
0.0 1341.0 268.0 1145.0 4959.47470045
0.0 1707.0 78.0 264.0 1367.50634422
0.0 1817.0 17.0 91.0 296.922547629
0.0 1665.0 103.0 353.0 1766.51645288
0.0 1523.0 173.0 729.0 3111.80905586
0.0 1697.0 71.0 343.0 1496.39501422
0.0 1745.0 53.0 197.0 1017.12933348
0.0 1831.0 9.0 47.0 161.489219804
0.0 1635.0 93.0 552.0 2082.57136537
0.0 1347.0 260.0 1170.0 4875.40850067
0.0 1531.0 151.0 743.0 3076.37197917
0.0 1707.0 72.0 304.0 1382.1147732
0.0 1753.0 54.0 181.0 909.410784755
0.0 1793.0 22.0 137.0 536.472284609
0.0 1299.0 286.0 1290.0 5323.95017304
0.0 1317.0 279.0 1226.0 5166.55933454
0.0 1691.0 81.0 315.0 1543.33439204
0.0 1679.0 87.0 356.0 1608.98619964
0.0 1701.0 76.0 300.0 1395.08634863
0.0 1521.0 159.0 845.0 3157.50415185
0.0 1839.0 6.0 33.0 97.7760454532
0.0 1407.0 222.0 1061.0 4261.9684472
0.0 727.0 3113.0 14925.0 61892.4523535
0.0 1635.0 106.0 482.0 2099.21111436
0.0 1765.0 42.0 179.0 853.627884325
0.0 1539.0 150.0 743.0 3000.98064936
0.0 1497.0 177.0 806.0 3411.62764826
0.0 1525.0 151.0 816.0 3133.51747205
0.0 1425.0 230.0 905.0 4062.24660214
0.0 1331.0 271.0 1190.0 5034.8544946
0.0 1555.0 153.0 684.0 2802.72883954
0.0 742.0 3117.0 14862.0 61753.471451
0.0 1759.0 49.0 175.0 887.160375124
0.0 1707.0 73.0 295.0 1386.4557486
0.0 1573.0 141.0 599.0 2668.73594077
0.0 1605.0 137.0 463.0 2318.55804145
0.0 1765.0 32.0 249.0 840.734617778
0.0 1709.0 70.0 308.0 1354.96696397
0.0 1575.0 134.0 715.0 2617.51450207
0.0 1321.0 276.0 1208.0 5157.33643993
0.0 1699.0 80.0 294.0 1431.65218912
0.0 1303.0 287.0 1248.0 5274.91688227
0.0 761.0 3115.0 14709.0 61598.2240722
