0.000794194926532 0.0998802003192 0.000858164683478 0.0
0.0030506316103 0.10503729889 9.8557765969e-05 0.0536193029491
0.000969504205259 0.0882873325673 0.000249357153403 0.0536193029491
0.000340979245962 0.0768318995532 9.44358434688e-05 0.187667560322
0.000454579801402 0.058534503196 8.51447624844e-05 0.563002680965
0.00089566730567 0.0723062352045 5.91133476679e-05 0.321715817694
0.000991912607505 0.106473121995 7.00411327259e-05 0.0
0.000734290491224 0.0992471021148 0.000122948474215 0.107238605898
0.000953049168999 0.0876663905603 7.84015147364e-05 0.134048257373
0.0012693416897 0.160463666632 4.64164117537e-05 0.268096514745
0.000565533820052 0.0735190837345 0.000138062472696 0.375335120643
0.000835026559038 0.0716602466762 0.000234400449967 0.241286863271
0.000446678590253 0.0855881228851 0.000449386456136 0.134048257373
0.000753854262438 0.0809822792157 0.000304600514509 0.0804289544236
0.000867541412496 0.104286199721 9.92127114259e-05 0.0
0.00253713453185 0.189244202389 6.73511275332e-05 0.0536193029491
0.00075059970548 0.13785114058 9.78975960558e-05 0.0
0.00145442407641 0.0852565943026 0.000252305278959 0.107238605898
0.000772975929253 0.0999978595185 0.000303693477022 0.0536193029491
0.00130902393451 0.159868825905 6.39315417274e-05 0.107238605898
0.00311569596296 0.125196499778 6.23850062665e-05 0.160857908847
0.000983709308207 0.0874953092286 0.000199702548751 0.0536193029491
0.000809859044341 0.136794551254 7.86672572131e-05 0.0536193029491
0.00223486518526 0.193560427993 6.44005120254e-05 0.0804289544236
0.000835707533772 0.137930513298 6.82999889077e-05 0.134048257373
0.000776360745454 0.100527376292 0.000285801333014 0.0
0.0011415689324 0.0903128833781 0.000115093698752 0.107238605898
0.000725539870083 0.133524625729 0.000130001853407 0.0804289544236
0.000473953609108 0.0848927693964 4.66791380924e-05 0.187667560322
