0.105543907362 0.0530253974773 0.641025641026
0.109657517228 0.0572853433562 0.0
0.109369185299 0.0989682623213 0.0
0.0979237489875 0.136406019928 0.559440559441
0.0996761529694 0.110978333568 0.17094017094
0.192233463561 0.0 0.0
0.104155636599 0.0918687459419 0.17094017094
0.0985790993926 0.117583835943 0.0
0.14834864787 0.0269723565151 0.17094017094
0.080512014061 0.210218874543 0.0
0.0771916294489 0.18241111762 0.512820512821
0.0831946454116 0.18657683393 0.0
0.0648186426765 0.236936573377 0.384615384615
0.0736714182199 0.384308906036 0.21978021978
0.0795000645627 0.0902374310654 0.783216783217
0.0797426761376 0.365726224843 0.34188034188
0.0753546688789 0.112089477096 0.598290598291
0.0775672595428 0.461375340775 0.0
0.0848926631188 0.0686206344495 0.615384615385
0.035691747479 0.539835358986 0.0
0.0658506810083 0.511429295499 0.0
0.1688451737 0.0396777463886 0.0
