0.284286468334 0.614026288404 0.37037037037
0.269693909739 0.686199750536 0.180995475113
0.41682767356 0.658122806689 0.0
0.3339996025 0.572628843242 0.879120879121
0.218275689533 0.600762669049 0.706661759293
0.289361387498 0.686915444352 0.11068068622
0.474217461428 0.592207786416 0.0
0.202996935038 0.77704681817 0.112570356473
0.178207668031 0.786193478876 0.0
0.186448684957 0.710984324134 0.327332242226
0.265986456329 0.691931096867 0.118343195266
0.23565696632 0.695319735128 0.0
0.786151883081 0.583067150645 0.249084249084
0.189925088598 0.661604488091 0.322245322245
0.177308831842 0.822690715285 0.0586080586081
0.205788683615 0.714306026855 0.0
0.307871115669 0.58103960443 0.618808854103
0.252340354349 0.689967517121 0.213160333642
0.167070894093 0.849998234992 0.384615384615
0.349306512955 0.660085894815 0.0
0.273475919728 0.638456671832 0.19536019536
0.304124781907 0.569052371836 0.948442238765
0.177921383072 0.763340932521 0.433369447454
0.194461401231 0.608790733354 0.589360887868
0.716483300139 0.556867510072 0.873180873181
0.178634621507 0.766627111144 0.297435897436
0.520981683078 0.562343871955 0.93023255814
0.239154400331 0.552918383183 0.963912630579
0.253269965038 0.596793275434 0.945224441368
0.321268364134 0.601418257363 0.288461538462
0.470619457521 0.572904335614 0.851501439737
0.343671833388 0.690478448336 0.0408441116406
