0.387755102041 0.244897959184 0.674157303371 0.589569160998
0.816326530612 0.122448979592 0.134831460674 0.192743764172
0.612244897959 0.265306122449 0.191011235955 0.399092970522
0.163265306122 0.489795918367 0.640449438202 0.816326530612
0.755102040816 0.0612244897959 0.449438202247 0.226757369615
0.530612244898 0.326530612245 0.247191011236 0.485260770975
0.367346938776 0.448979591837 0.325842696629 0.650793650794
0.448979591837 0.367346938776 0.292134831461 0.571428571429
0.530612244898 0.163265306122 0.561797752809 0.433106575964
0.387755102041 0.387755102041 0.359550561798 0.621315192744
0.714285714286 0.224489795918 0.101123595506 0.297052154195
0.448979591837 0.224489795918 0.573033707865 0.526077097506
0.224489795918 0.469387755102 0.494382022472 0.786848072562
0.571428571429 0.204081632653 0.325842696629 0.444444444444
0.530612244898 0.30612244898 0.247191011236 0.49433106576
0.34693877551 0.387755102041 0.426966292135 0.659863945578
0.387755102041 0.265306122449 0.674157303371 0.578231292517
0.428571428571 0.34693877551 0.337078651685 0.585034013605
0.530612244898 0.326530612245 0.224719101124 0.496598639456
0.367346938776 0.408163265306 0.348314606742 0.655328798186
0.571428571429 0.163265306122 0.438202247191 0.426303854875
0.30612244898 0.30612244898 0.730337078652 0.664399092971
0.265306122449 0.326530612245 0.808988764045 0.716553287982
0.387755102041 0.30612244898 0.505617977528 0.607709750567
0.408163265306 0.30612244898 0.438202247191 0.587301587302
0.448979591837 0.30612244898 0.359550561798 0.562358276644
0.612244897959 0.142857142857 0.438202247191 0.371882086168
0.30612244898 0.448979591837 0.415730337079 0.69387755102
0.326530612245 0.285714285714 0.775280898876 0.628117913832
0.489795918367 0.265306122449 0.359550561798 0.519274376417
0.244897959184 0.448979591837 0.494382022472 0.759637188209
0.285714285714 0.34693877551 0.674157303371 0.673469387755
0.30612244898 0.387755102041 0.494382022472 0.69387755102
0.489795918367 0.285714285714 0.325842696629 0.52380952381
0.285714285714 0.469387755102 0.404494382022 0.727891156463
0.367346938776 0.367346938776 0.393258426966 0.646258503401
0.448979591837 0.326530612245 0.314606741573 0.575963718821
0.448979591837 0.183673469388 0.85393258427 0.512471655329
0.244897959184 0.34693877551 0.808988764045 0.730158730159
0.408163265306 0.244897959184 0.629213483146 0.578231292517
0.673469387755 0.0816326530612 0.606741573034 0.308390022676
0.408163265306 0.387755102041 0.314606741573 0.612244897959
0.489795918367 0.326530612245 0.258426966292 0.537414965986
0.734693877551 0.0816326530612 0.325842696629 0.258503401361
0.34693877551 0.285714285714 0.674157303371 0.616780045351
0.183673469388 0.448979591837 0.674157303371 0.789115646259
0.510204081633 0.183673469388 0.561797752809 0.455782312925
0.387755102041 0.326530612245 0.438202247191 0.614512471655
0.510204081633 0.265306122449 0.314606741573 0.510204081633
0.530612244898 0.224489795918 0.359550561798 0.471655328798
0.69387755102 0.0816326530612 0.449438202247 0.294784580499
0.489795918367 0.30612244898 0.280898876404 0.53514739229
0.367346938776 0.224489795918 0.898876404494 0.600907029478
0.122448979592 0.489795918367 0.730337078652 0.861678004535
0.795918367347 0.0612244897959 0.258426966292 0.206349206349
0.428571428571 0.244897959184 0.573033707865 0.553287981859
0.632653061224 0.265306122449 0.14606741573 0.399092970522
0.69387755102 0.204081632653 0.157303370787 0.321995464853
0.428571428571 0.387755102041 0.292134831461 0.598639455782
0.510204081633 0.34693877551 0.247191011236 0.501133786848
0.387755102041 0.34693877551 0.393258426966 0.621315192744
0.571428571429 0.142857142857 0.52808988764 0.424036281179
0.489795918367 0.244897959184 0.393258426966 0.510204081633
0.326530612245 0.34693877551 0.539325842697 0.657596371882
0.326530612245 0.408163265306 0.415730337079 0.689342403628
0.612244897959 0.142857142857 0.393258426966 0.392290249433
0.265306122449 0.30612244898 0.910112359551 0.714285714286
0.34693877551 0.34693877551 0.494382022472 0.646258503401
0.367346938776 0.408163265306 0.359550561798 0.650793650794
0.224489795918 0.448979591837 0.539325842697 0.770975056689
0.408163265306 0.34693877551 0.359550561798 0.607709750567
0.65306122449 0.102040816327 0.483146067416 0.328798185941
0.285714285714 0.387755102041 0.539325842697 0.700680272109
0.551020408163 0.30612244898 0.202247191011 0.482993197279
0.571428571429 0.265306122449 0.224719101124 0.455782312925
0.632653061224 0.265306122449 0.179775280899 0.369614512472
0.163265306122 0.469387755102 0.674157303371 0.809523809524
0.448979591837 0.285714285714 0.393258426966 0.555555555556
0.428571428571 0.224489795918 0.651685393258 0.56462585034
0.408163265306 0.30612244898 0.460674157303 0.585034013605
0.204081632653 0.428571428571 0.674157303371 0.770975056689
0.408163265306 0.367346938776 0.337078651685 0.607709750567
0.632653061224 0.285714285714 0.157303370787 0.371882086168
0.612244897959 0.183673469388 0.303370786517 0.390022675737
0.755102040816 0.0612244897959 0.393258426966 0.231292517007
0.734693877551 0.204081632653 0.101123595506 0.274376417234
0.591836734694 0.122448979592 0.595505617978 0.37641723356
0.489795918367 0.34693877551 0.258426966292 0.530612244898
0.591836734694 0.30612244898 0.179775280899 0.421768707483
0.387755102041 0.285714285714 0.539325842697 0.607709750567
0.142857142857 0.428571428571 0.910112359551 0.836734693878
0.551020408163 0.122448979592 0.775280898876 0.419501133787
0.673469387755 0.102040816327 0.359550561798 0.340136054422
0.448979591837 0.265306122449 0.438202247191 0.544217687075
0.183673469388 0.469387755102 0.629213483146 0.800453514739
0.408163265306 0.204081632653 0.831460674157 0.571428571429
0.816326530612 0.0612244897959 0.213483146067 0.204081632653
0.408163265306 0.204081632653 0.808988764045 0.591836734694
0.530612244898 0.285714285714 0.258426966292 0.487528344671
0.510204081633 0.163265306122 0.640449438202 0.46485260771
0.714285714286 0.163265306122 0.179775280899 0.297052154195
0.673469387755 0.102040816327 0.38202247191 0.321995464853
0.367346938776 0.244897959184 0.730337078652 0.614512471655
0.591836734694 0.122448979592 0.561797752809 0.378684807256
0.448979591837 0.367346938776 0.303370786517 0.569160997732
0.530612244898 0.142857142857 0.707865168539 0.444444444444
0.469387755102 0.387755102041 0.247191011236 0.551020408163
0.204081632653 0.367346938776 0.910112359551 0.764172335601
0.224489795918 0.367346938776 0.831460674157 0.732426303855
0.408163265306 0.34693877551 0.370786516854 0.596371882086
0.102040816327 0.489795918367 0.808988764045 0.893424036281
0.34693877551 0.244897959184 0.808988764045 0.646258503401
0.69387755102 0.244897959184 0.101123595506 0.324263038549
0.265306122449 0.326530612245 0.831460674157 0.696145124717
0.591836734694 0.122448979592 0.516853932584 0.421768707483
0.224489795918 0.469387755102 0.505617977528 0.777777777778
0.387755102041 0.428571428571 0.325842696629 0.62358276644
0.65306122449 0.224489795918 0.191011235955 0.360544217687
0.142857142857 0.448979591837 0.876404494382 0.836734693878
0.265306122449 0.448979591837 0.47191011236 0.734693877551
0.469387755102 0.285714285714 0.359550561798 0.537414965986
0.510204081633 0.142857142857 0.752808988764 0.478458049887
0.673469387755 0.163265306122 0.247191011236 0.333333333333
0.428571428571 0.387755102041 0.303370786517 0.596371882086
0.591836734694 0.122448979592 0.674157303371 0.362811791383
0.591836734694 0.204081632653 0.280898876404 0.433106575964
0.734693877551 0.183673469388 0.134831460674 0.274376417234
0.571428571429 0.122448979592 0.640449438202 0.410430839002
0.632653061224 0.163265306122 0.505617977528 0.342403628118
0.387755102041 0.387755102041 0.348314606742 0.628117913832
0.489795918367 0.183673469388 0.573033707865 0.489795918367
0.612244897959 0.285714285714 0.168539325843 0.401360544218
0.551020408163 0.122448979592 0.741573033708 0.421768707483
0.367346938776 0.244897959184 0.775280898876 0.600907029478
0.551020408163 0.224489795918 0.314606741573 0.460317460317
0.367346938776 0.285714285714 0.640449438202 0.596371882086
0.65306122449 0.244897959184 0.14606741573 0.37641723356
0.673469387755 0.163265306122 0.258426966292 0.324263038549
0.816326530612 0.0816326530612 0.191011235955 0.192743764172
0.244897959184 0.326530612245 0.910112359551 0.727891156463
0.326530612245 0.265306122449 0.831460674157 0.639455782313
0.591836734694 0.265306122449 0.202247191011 0.433106575964
0.632653061224 0.224489795918 0.202247191011 0.390022675737
0.632653061224 0.265306122449 0.157303370787 0.387755102041
0.612244897959 0.183673469388 0.314606741573 0.387755102041
0.30612244898 0.285714285714 0.831460674157 0.65306122449
0.428571428571 0.265306122449 0.52808988764 0.56462585034
0.571428571429 0.122448979592 0.696629213483 0.387755102041
0.65306122449 0.265306122449 0.134831460674 0.362811791383
0.673469387755 0.265306122449 0.101123595506 0.358276643991
0.408163265306 0.367346938776 0.348314606742 0.605442176871
0.34693877551 0.428571428571 0.370786516854 0.668934240363
0.387755102041 0.408163265306 0.348314606742 0.625850340136
0.326530612245 0.448979591837 0.38202247191 0.678004535147
0.326530612245 0.285714285714 0.730337078652 0.641723356009
0.571428571429 0.224489795918 0.292134831461 0.43537414966
0.469387755102 0.34693877551 0.280898876404 0.555555555556
0.65306122449 0.204081632653 0.202247191011 0.367346938776
0.836734693878 0.122448979592 0.101123595506 0.170068027211
0.428571428571 0.285714285714 0.438202247191 0.566893424036
0.285714285714 0.30612244898 0.831460674157 0.68253968254
0.265306122449 0.34693877551 0.730337078652 0.698412698413
0.204081632653 0.387755102041 0.865168539326 0.764172335601
0.755102040816 0.102040816327 0.247191011236 0.260770975057
0.632653061224 0.122448979592 0.404494382022 0.37641723356
0.857142857143 0.0408163265306 0.179775280899 0.156462585034
0.183673469388 0.469387755102 0.651685393258 0.789115646259
0.326530612245 0.265306122449 0.808988764045 0.659863945578
0.285714285714 0.408163265306 0.494382022472 0.71201814059
0.30612244898 0.428571428571 0.426966292135 0.705215419501
0.551020408163 0.285714285714 0.224719101124 0.478458049887
0.755102040816 0.0816326530612 0.280898876404 0.24716553288
0.34693877551 0.244897959184 0.831460674157 0.625850340136
0.448979591837 0.367346938776 0.280898876404 0.580498866213
0.224489795918 0.367346938776 0.808988764045 0.757369614512
0.65306122449 0.122448979592 0.359550561798 0.353741496599
0.836734693878 0.0408163265306 0.213483146067 0.170068027211
0.714285714286 0.204081632653 0.134831460674 0.297052154195
0.65306122449 0.224489795918 0.179775280899 0.362811791383
0.326530612245 0.428571428571 0.404494382022 0.68253968254
0.469387755102 0.204081632653 0.573033707865 0.503401360544
0.836734693878 0.0816326530612 0.14606741573 0.192743764172
0.469387755102 0.367346938776 0.258426966292 0.555555555556
0.673469387755 0.122448979592 0.314606741573 0.342403628118
0.224489795918 0.387755102041 0.730337078652 0.743764172336
0.428571428571 0.367346938776 0.303370786517 0.603174603175
0.795918367347 0.102040816327 0.179775280899 0.213151927438
0.122448979592 0.469387755102 0.808988764045 0.866213151927
0.571428571429 0.30612244898 0.179775280899 0.458049886621
0.571428571429 0.285714285714 0.202247191011 0.455782312925
0.469387755102 0.244897959184 0.438202247191 0.521541950113
0.387755102041 0.30612244898 0.494382022472 0.609977324263
0.367346938776 0.387755102041 0.38202247191 0.641723356009
0.551020408163 0.204081632653 0.38202247191 0.439909297052
0.244897959184 0.448979591837 0.505617977528 0.750566893424
0.326530612245 0.367346938776 0.494382022472 0.668934240363
0.591836734694 0.224489795918 0.258426966292 0.421768707483
0.551020408163 0.265306122449 0.258426966292 0.471655328798
0.34693877551 0.326530612245 0.539325842697 0.634920634921
0.510204081633 0.285714285714 0.292134831461 0.501133786848
0.632653061224 0.102040816327 0.505617977528 0.365079365079
0.408163265306 0.224489795918 0.719101123596 0.557823129252
0.489795918367 0.326530612245 0.280898876404 0.530612244898
0.612244897959 0.265306122449 0.179775280899 0.408163265306
0.530612244898 0.30612244898 0.224719101124 0.50566893424
0.367346938776 0.34693877551 0.438202247191 0.634920634921
0.265306122449 0.408163265306 0.539325842697 0.72335600907
0.367346938776 0.285714285714 0.595505617978 0.632653061224
0.428571428571 0.224489795918 0.662921348315 0.532879818594
0.204081632653 0.469387755102 0.539325842697 0.798185941043
0.448979591837 0.183673469388 0.820224719101 0.514739229025
0.795918367347 0.142857142857 0.101123595506 0.208616780045
0.408163265306 0.428571428571 0.292134831461 0.616780045351
0.142857142857 0.469387755102 0.730337078652 0.834467120181
0.408163265306 0.387755102041 0.325842696629 0.607709750567
0.204081632653 0.489795918367 0.573033707865 0.780045351474
0.102040816327 0.469387755102 0.910112359551 0.879818594104
0.367346938776 0.367346938776 0.415730337079 0.639455782313
0.673469387755 0.102040816327 0.404494382022 0.308390022676
0.530612244898 0.142857142857 0.651685393258 0.467120181406
0.387755102041 0.204081632653 0.943820224719 0.600907029478
0.428571428571 0.408163265306 0.292134831461 0.589569160998
0.510204081633 0.163265306122 0.662921348315 0.444444444444
0.612244897959 0.102040816327 0.662921348315 0.371882086168
0.591836734694 0.285714285714 0.191011235955 0.426303854875
0.285714285714 0.367346938776 0.595505617978 0.709750566893
0.122448979592 0.489795918367 0.775280898876 0.848072562358
0.142857142857 0.489795918367 0.674157303371 0.836734693878
0.387755102041 0.387755102041 0.337078651685 0.634920634921
0.897959183673 0.0612244897959 0.101123595506 0.124716553288
0.530612244898 0.142857142857 0.674157303371 0.446712018141
0.551020408163 0.142857142857 0.573033707865 0.43537414966
0.571428571429 0.326530612245 0.179775280899 0.455782312925
0.265306122449 0.428571428571 0.494382022472 0.734693877551
0.34693877551 0.387755102041 0.393258426966 0.673469387755
0.204081632653 0.469387755102 0.595505617978 0.780045351474
0.448979591837 0.224489795918 0.662921348315 0.507936507937
0.0816326530612 0.489795918367 0.910112359551 0.904761904762
0.530612244898 0.183673469388 0.494382022472 0.453514739229
0.775510204082 0.0816326530612 0.247191011236 0.233560090703
0.285714285714 0.285714285714 0.910112359551 0.684807256236
0.285714285714 0.408163265306 0.505617977528 0.709750566893
0.714285714286 0.183673469388 0.14606741573 0.310657596372
0.204081632653 0.387755102041 0.831460674157 0.766439909297
0.755102040816 0.0816326530612 0.258426966292 0.272108843537
0.612244897959 0.285714285714 0.179775280899 0.394557823129
0.428571428571 0.30612244898 0.415730337079 0.573696145125
0.510204081633 0.183673469388 0.52808988764 0.478458049887
0.326530612245 0.244897959184 0.910112359551 0.657596371882
0.612244897959 0.122448979592 0.539325842697 0.353741496599
0.591836734694 0.285714285714 0.179775280899 0.430839002268
0.326530612245 0.448979591837 0.370786516854 0.696145124717
0.183673469388 0.428571428571 0.775280898876 0.78231292517
0.551020408163 0.163265306122 0.494382022472 0.439909297052
0.244897959184 0.469387755102 0.47191011236 0.761904761905
0.408163265306 0.244897959184 0.640449438202 0.569160997732
0.30612244898 0.408163265306 0.460674157303 0.691609977324
0.632653061224 0.224489795918 0.213483146067 0.37641723356
0.30612244898 0.448979591837 0.404494382022 0.700680272109
0.448979591837 0.34693877551 0.303370786517 0.575963718821
0.244897959184 0.469387755102 0.460674157303 0.766439909297
0.591836734694 0.142857142857 0.438202247191 0.403628117914
0.510204081633 0.34693877551 0.23595505618 0.50566893424
0.408163265306 0.204081632653 0.865168539326 0.569160997732
0.204081632653 0.408163265306 0.730337078652 0.764172335601
0.65306122449 0.183673469388 0.224719101124 0.37641723356
0.163265306122 0.489795918367 0.629213483146 0.825396825397
0.632653061224 0.204081632653 0.247191011236 0.37641723356
0.387755102041 0.367346938776 0.359550561798 0.632653061224
0.244897959184 0.367346938776 0.730337078652 0.721088435374
0.469387755102 0.367346938776 0.269662921348 0.548752834467
0.408163265306 0.326530612245 0.404494382022 0.596371882086
0.632653061224 0.122448979592 0.393258426966 0.378684807256
0.612244897959 0.244897959184 0.202247191011 0.417233560091
0.510204081633 0.244897959184 0.359550561798 0.49433106576
0.836734693878 0.0816326530612 0.157303370787 0.181405895692
0.285714285714 0.448979591837 0.438202247191 0.714285714286
0.65306122449 0.204081632653 0.213483146067 0.353741496599
0.612244897959 0.224489795918 0.224719101124 0.412698412698
0.65306122449 0.244897959184 0.157303370787 0.365079365079
0.204081632653 0.448979591837 0.595505617978 0.795918367347
0.571428571429 0.142857142857 0.584269662921 0.394557823129
0.183673469388 0.387755102041 0.910112359551 0.786848072562
0.591836734694 0.183673469388 0.348314606742 0.401360544218
0.428571428571 0.204081632653 0.730337078652 0.560090702948
0.265306122449 0.469387755102 0.438202247191 0.741496598639
0.224489795918 0.428571428571 0.595505617978 0.770975056689
0.775510204082 0.102040816327 0.202247191011 0.249433106576
0.510204081633 0.30612244898 0.258426966292 0.510204081633
0.612244897959 0.285714285714 0.157303370787 0.414965986395
0.673469387755 0.204081632653 0.179775280899 0.340136054422
0.367346938776 0.367346938776 0.404494382022 0.643990929705
0.183673469388 0.408163265306 0.831460674157 0.78231292517
0.265306122449 0.448979591837 0.460674157303 0.739229024943
0.612244897959 0.142857142857 0.404494382022 0.390022675737
0.571428571429 0.204081632653 0.314606741573 0.446712018141
0.632653061224 0.102040816327 0.606741573034 0.333333333333
0.183673469388 0.469387755102 0.595505617978 0.823129251701
0.591836734694 0.204081632653 0.292134831461 0.421768707483
0.387755102041 0.224489795918 0.820224719101 0.569160997732
0.775510204082 0.163265306122 0.101123595506 0.231292517007
0.510204081633 0.224489795918 0.393258426966 0.496598639456
0.367346938776 0.428571428571 0.359550561798 0.643990929705
0.326530612245 0.387755102041 0.438202247191 0.684807256236
0.387755102041 0.204081632653 0.910112359551 0.603174603175
0.612244897959 0.122448979592 0.438202247191 0.390022675737
0.734693877551 0.0816326530612 0.303370786517 0.272108843537
0.673469387755 0.244897959184 0.134831460674 0.340136054422
0.591836734694 0.122448979592 0.539325842697 0.401360544218
0.30612244898 0.326530612245 0.674157303371 0.659863945578
0.530612244898 0.265306122449 0.280898876404 0.496598639456
0.65306122449 0.122448979592 0.426966292135 0.319727891156
0.448979591837 0.204081632653 0.674157303371 0.514739229025
0.612244897959 0.122448979592 0.573033707865 0.351473922902
0.163265306122 0.428571428571 0.808988764045 0.825396825397
0.69387755102 0.224489795918 0.134831460674 0.324263038549
0.510204081633 0.367346938776 0.213483146067 0.519274376417
0.469387755102 0.265306122449 0.404494382022 0.530612244898
0.367346938776 0.30612244898 0.539325842697 0.621315192744
0.34693877551 0.367346938776 0.438202247191 0.657596371882
0.265306122449 0.387755102041 0.595505617978 0.748299319728
0.367346938776 0.34693877551 0.460674157303 0.630385487528
0.734693877551 0.0816326530612 0.314606741573 0.269841269841
0.448979591837 0.387755102041 0.280898876404 0.571428571429
0.30612244898 0.265306122449 0.910112359551 0.671201814059
0.69387755102 0.0816326530612 0.561797752809 0.274376417234
0.265306122449 0.469387755102 0.426966292135 0.75283446712
0.469387755102 0.183673469388 0.651685393258 0.521541950113
0.877551020408 0.0612244897959 0.134831460674 0.136054421769
0.265306122449 0.428571428571 0.505617977528 0.725623582766
0.326530612245 0.387755102041 0.460674157303 0.673469387755
0.30612244898 0.34693877551 0.595505617978 0.68253968254
0.34693877551 0.448979591837 0.348314606742 0.673469387755
0.571428571429 0.142857142857 0.539325842697 0.414965986395
0.551020408163 0.142857142857 0.606741573034 0.433106575964
0.34693877551 0.387755102041 0.404494382022 0.671201814059
0.469387755102 0.183673469388 0.674157303371 0.501133786848
0.632653061224 0.244897959184 0.191011235955 0.37641723356
0.224489795918 0.448979591837 0.595505617978 0.759637188209
0.795918367347 0.0612244897959 0.247191011236 0.215419501134
0.30612244898 0.367346938776 0.539325842697 0.68253968254
0.69387755102 0.183673469388 0.179775280899 0.324263038549
0.367346938776 0.265306122449 0.674157303371 0.603174603175
0.632653061224 0.183673469388 0.269662921348 0.37641723356
0.489795918367 0.224489795918 0.438202247191 0.507936507937
0.530612244898 0.34693877551 0.213483146067 0.487528344671
0.551020408163 0.34693877551 0.191011235955 0.46485260771
0.69387755102 0.102040816327 0.314606741573 0.328798185941
0.69387755102 0.204081632653 0.14606741573 0.333333333333
0.285714285714 0.428571428571 0.460674157303 0.714285714286
0.816326530612 0.0408163265306 0.314606741573 0.181405895692
0.551020408163 0.244897959184 0.280898876404 0.469387755102
0.387755102041 0.34693877551 0.404494382022 0.619047619048
0.224489795918 0.408163265306 0.741573033708 0.736961451247
0.571428571429 0.326530612245 0.191011235955 0.439909297052
0.489795918367 0.285714285714 0.314606741573 0.526077097506
0.612244897959 0.102040816327 0.606741573034 0.37641723356
0.755102040816 0.0816326530612 0.269662921348 0.258503401361
0.30612244898 0.469387755102 0.38202247191 0.705215419501
0.469387755102 0.265306122449 0.393258426966 0.532879818594
0.122448979592 0.469387755102 0.887640449438 0.859410430839
0.183673469388 0.428571428571 0.730337078652 0.800453514739
0.591836734694 0.326530612245 0.157303370787 0.433106575964
0.448979591837 0.183673469388 0.752808988764 0.532879818594
0.408163265306 0.265306122449 0.573033707865 0.560090702948
0.428571428571 0.367346938776 0.325842696629 0.580498866213
0.448979591837 0.326530612245 0.325842696629 0.573696145125
0.489795918367 0.204081632653 0.52808988764 0.492063492063
0.326530612245 0.326530612245 0.595505617978 0.659863945578
0.387755102041 0.285714285714 0.573033707865 0.582766439909
0.34693877551 0.408163265306 0.38202247191 0.668934240363
0.714285714286 0.0816326530612 0.348314606742 0.283446712018
0.775510204082 0.0816326530612 0.224719101124 0.258503401361
0.530612244898 0.204081632653 0.426966292135 0.451247165533
0.285714285714 0.30612244898 0.808988764045 0.702947845805
0.428571428571 0.183673469388 0.898876404494 0.546485260771
0.632653061224 0.183673469388 0.280898876404 0.365079365079
0.775510204082 0.102040816327 0.213483146067 0.226757369615
0.367346938776 0.326530612245 0.52808988764 0.621315192744
0.734693877551 0.142857142857 0.179775280899 0.274376417234
0.632653061224 0.102040816327 0.52808988764 0.344671201814
0.612244897959 0.204081632653 0.258426966292 0.403628117914
0.244897959184 0.34693877551 0.831460674157 0.716553287982
0.387755102041 0.408163265306 0.325842696629 0.630385487528
0.489795918367 0.367346938776 0.247191011236 0.52380952381
0.755102040816 0.183673469388 0.101123595506 0.258503401361
0.367346938776 0.387755102041 0.370786516854 0.648526077098
0.632653061224 0.183673469388 0.258426966292 0.390022675737
0.591836734694 0.244897959184 0.224719101124 0.442176870748
0.285714285714 0.326530612245 0.730337078652 0.684807256236
0.591836734694 0.142857142857 0.483146067416 0.383219954649
0.224489795918 0.34693877551 0.910112359551 0.748299319728
0.530612244898 0.34693877551 0.202247191011 0.501133786848
0.612244897959 0.244897959184 0.213483146067 0.403628117914
0.714285714286 0.142857142857 0.213483146067 0.28798185941
0.489795918367 0.163265306122 0.741573033708 0.47619047619
0.918367346939 0.0408163265306 0.101123595506 0.0907029478458
0.510204081633 0.285714285714 0.280898876404 0.512471655329
0.183673469388 0.408163265306 0.808988764045 0.802721088435
0.714285714286 0.102040816327 0.280898876404 0.315192743764
0.34693877551 0.30612244898 0.595505617978 0.646258503401
0.34693877551 0.265306122449 0.730337078652 0.628117913832
0.285714285714 0.428571428571 0.47191011236 0.709750566893
0.612244897959 0.285714285714 0.14606741573 0.426303854875
0.510204081633 0.142857142857 0.786516853933 0.47619047619
0.326530612245 0.30612244898 0.674157303371 0.646258503401
0.571428571429 0.122448979592 0.662921348315 0.390022675737
0.632653061224 0.244897959184 0.179775280899 0.390022675737
0.69387755102 0.163265306122 0.213483146067 0.310657596372
0.326530612245 0.367346938776 0.505617977528 0.664399092971
0.387755102041 0.224489795918 0.808988764045 0.605442176871
0.34693877551 0.367346938776 0.460674157303 0.650793650794
0.489795918367 0.367346938776 0.23595505618 0.532879818594
0.775510204082 0.0612244897959 0.292134831461 0.219954648526
0.571428571429 0.244897959184 0.258426966292 0.444444444444
0.102040816327 0.489795918367 0.831460674157 0.873015873016
0.428571428571 0.183673469388 0.932584269663 0.544217687075
0.714285714286 0.0816326530612 0.426966292135 0.265306122449
0.632653061224 0.122448979592 0.426966292135 0.356009070295
0.387755102041 0.265306122449 0.640449438202 0.589569160998
0.244897959184 0.428571428571 0.539325842697 0.746031746032
0.551020408163 0.326530612245 0.213483146067 0.460317460317
0.673469387755 0.224489795918 0.14606741573 0.360544217687
0.30612244898 0.285714285714 0.808988764045 0.673469387755
0.285714285714 0.448979591837 0.426966292135 0.725623582766
0.204081632653 0.448979591837 0.629213483146 0.780045351474
0.775510204082 0.0612244897959 0.348314606742 0.215419501134
0.367346938776 0.387755102041 0.359550561798 0.659863945578
0.30612244898 0.428571428571 0.438202247191 0.691609977324
0.244897959184 0.387755102041 0.674157303371 0.72335600907
0.367346938776 0.30612244898 0.573033707865 0.605442176871
0.65306122449 0.183673469388 0.247191011236 0.351473922902
0.428571428571 0.367346938776 0.314606741573 0.585034013605
0.65306122449 0.183673469388 0.23595505618 0.365079365079
0.428571428571 0.326530612245 0.359550561798 0.585034013605
0.448979591837 0.204081632653 0.651685393258 0.53514739229
0.469387755102 0.326530612245 0.292134831461 0.551020408163
0.34693877551 0.265306122449 0.775280898876 0.614512471655
0.632653061224 0.285714285714 0.134831460674 0.390022675737
0.69387755102 0.0816326530612 0.52808988764 0.27664399093
0.428571428571 0.326530612245 0.370786516854 0.573696145125
0.387755102041 0.367346938776 0.38202247191 0.619047619048
0.367346938776 0.326530612245 0.494382022472 0.62358276644
0.448979591837 0.387755102041 0.269662921348 0.575963718821
0.122448979592 0.448979591837 0.910112359551 0.859410430839
0.530612244898 0.244897959184 0.314606741573 0.482993197279
0.163265306122 0.448979591837 0.730337078652 0.809523809524
0.551020408163 0.204081632653 0.359550561798 0.458049886621
0.34693877551 0.34693877551 0.505617977528 0.637188208617
0.408163265306 0.326530612245 0.393258426966 0.598639455782
0.428571428571 0.30612244898 0.393258426966 0.575963718821
0.632653061224 0.102040816327 0.584269662921 0.340136054422
0.795918367347 0.0816326530612 0.213483146067 0.222222222222
0.244897959184 0.367346938776 0.775280898876 0.714285714286
0.224489795918 0.408163265306 0.674157303371 0.746031746032
0.489795918367 0.30612244898 0.292134831461 0.52380952381
0.163265306122 0.408163265306 0.910112359551 0.814058956916
0.469387755102 0.326530612245 0.280898876404 0.562358276644
0.673469387755 0.244897959184 0.157303370787 0.333333333333
0.510204081633 0.34693877551 0.224719101124 0.52380952381
0.428571428571 0.204081632653 0.752808988764 0.546485260771
0.673469387755 0.0816326530612 0.640449438202 0.30612244898
0.204081632653 0.387755102041 0.808988764045 0.780045351474
0.632653061224 0.204081632653 0.224719101124 0.390022675737
0.65306122449 0.163265306122 0.292134831461 0.337868480726
0.673469387755 0.224489795918 0.157303370787 0.349206349206
0.857142857143 0.102040816327 0.101123595506 0.147392290249
0.34693877551 0.387755102041 0.415730337079 0.662131519274
0.612244897959 0.30612244898 0.157303370787 0.399092970522
0.65306122449 0.102040816327 0.426966292135 0.333333333333
0.551020408163 0.163265306122 0.516853932584 0.421768707483
0.183673469388 0.489795918367 0.595505617978 0.804988662132
0.265306122449 0.367346938776 0.674157303371 0.696145124717
0.469387755102 0.30612244898 0.314606741573 0.548752834467
0.326530612245 0.408163265306 0.426966292135 0.687074829932
0.571428571429 0.224489795918 0.280898876404 0.446712018141
0.244897959184 0.408163265306 0.595505617978 0.748299319728
0.285714285714 0.428571428571 0.483146067416 0.702947845805
0.673469387755 0.204081632653 0.191011235955 0.333333333333
0.367346938776 0.367346938776 0.426966292135 0.630385487528
0.65306122449 0.265306122449 0.157303370787 0.34693877551